table,question,date,response,Total (a),Male (b),Female (c),25-34 (f),35-44 (g),45-54 (h),55-64 (i),65+ (j),AB (k),C1 (l),C2 (m),DE (n),Scotland (o),North East (p),North West (q),Yorkshire & Humberside (r),West Midlands (s),East Midlands (t),Wales (u),Eastern (v),London (w),South East (x),South West (y),Northern Ireland (z),NET: England (A),Public (A),Private (B),Opinion Influencer (C),Broadcasters (b),NonBBC broadcasters (c),BBC services (d),Newspapers (e),Officials (f),Social Media (g),YouTube (h),Facebook (i),WhatsApp (j),Closed groups (k),Other online news sources (l),Family/ friends/ local ppl (m),Traditional media (n),Nonmainstream media (o),BBC TV (p),BBC Online (q),Direct from Govt (r),Yes (s),No (t),Drink more water (b),Gargle salt water (c),Eat warm food/ drink (d),Put clothes in sun (e),Natural remedies (f),Drink more lemon juice (g),Theories linking Coronavirus to 5G technology (i),What's true/ false (j),Avoid news (k),Mainstream media exaggerating (l),Positive sides of society (m),Confusion (n),Wash hands 20 secs (o),Outside for essentials (p),Social distancing (q),Yes (r),No (s),16-24 (d),18-24 (e),Tier 1 (B),Tier 2 (C),Tier 3 (D)
Table 67,Q5. Trust in the sources for information/news about Coronavirus used in last week: Direct from Northern Ireland Government website/email/text/post,ONLINE Fieldwork: 11th to 13th September 2020,Unweighted base,13,5,8,-,1,4,2,6,8,3,1,1,-,-,-,-,-,-,-,-,-,-,-,13,-,,,,,,,,,,,,,,,,,,,,,,,,,,,,,,,,,,,,,,,,,,,,
Table 67,Q5. Trust in the sources for information/news about Coronavirus used in last week: Direct from Northern Ireland Government website/email/text/post,ONLINE Fieldwork: 11th to 13th September 2020,Weighted base,12**,5**,8**,-**,1**,3**,1**,7**,6**,4**,1**,2**,-**,-**,-**,-**,-**,-**,-**,-**,-**,-**,-**,12**,-**,,,,,,,,,,,,,,,,,,,,,,,,,,,,,,,,,,,,,,,,,,,,
Table 67,Q5. Trust in the sources for information/news about Coronavirus used in last week: Direct from Northern Ireland Government website/email/text/post,ONLINE Fieldwork: 11th to 13th September 2020,NET: Trust,11,5,6,-,1,3,1,6,6,2,1,2,-,-,-,-,-,-,-,-,-,-,-,11,-,,,,,,,,,,,,,,,,,,,,,,,,,,,,,,,,,,,,,,,,,,,,
Table 67,Q5. Trust in the sources for information/news about Coronavirus used in last week: Direct from Northern Ireland Government website/email/text/post,ONLINE Fieldwork: 11th to 13th September 2020,5 - Trust completely,6,2,4,-,1,2,1,3,3,1,1,2,-,-,-,-,-,-,-,-,-,-,-,6,-,,,,,,,,,,,,,,,,,,,,,,,,,,,,,,,,,,,,,,,,,,,,
Table 67,Q5. Trust in the sources for information/news about Coronavirus used in last week: Direct from Northern Ireland Government website/email/text/post,ONLINE Fieldwork: 11th to 13th September 2020,4,5,2,2,-,-,1,1,3,3,1,-,-,-,-,-,-,-,-,-,-,-,-,-,5,-,,,,,,,,,,,,,,,,,,,,,,,,,,,,,,,,,,,,,,,,,,,,
Table 67,Q5. Trust in the sources for information/news about Coronavirus used in last week: Direct from Northern Ireland Government website/email/text/post,ONLINE Fieldwork: 11th to 13th September 2020,3,2,-,2,-,-,-,-,2,-,2,-,-,-,-,-,-,-,-,-,-,-,-,-,2,-,,,,,,,,,,,,,,,,,,,,,,,,,,,,,,,,,,,,,,,,,,,,
Table 67,Q5. Trust in the sources for information/news about Coronavirus used in last week: Direct from Northern Ireland Government website/email/text/post,ONLINE Fieldwork: 11th to 13th September 2020,2,-,-,-,-,-,-,-,-,-,-,-,-,-,-,-,-,-,-,-,-,-,-,-,-,-,,,,,,,,,,,,,,,,,,,,,,,,,,,,,,,,,,,,,,,,,,,,
Table 67,Q5. Trust in the sources for information/news about Coronavirus used in last week: Direct from Northern Ireland Government website/email/text/post,ONLINE Fieldwork: 11th to 13th September 2020,1 - Do not trust at all,-,-,-,-,-,-,-,-,-,-,-,-,-,-,-,-,-,-,-,-,-,-,-,-,-,,,,,,,,,,,,,,,,,,,,,,,,,,,,,,,,,,,,,,,,,,,,
Table 67,Q5. Trust in the sources for information/news about Coronavirus used in last week: Direct from Northern Ireland Government website/email/text/post,ONLINE Fieldwork: 11th to 13th September 2020,NET: Do not trust,-,-,-,-,-,-,-,-,-,-,-,-,-,-,-,-,-,-,-,-,-,-,-,-,-,,,,,,,,,,,,,,,,,,,,,,,,,,,,,,,,,,,,,,,,,,,,
Table 67,Q5. Trust in the sources for information/news about Coronavirus used in last week: Direct from Northern Ireland Government website/email/text/post,ONLINE Fieldwork: 11th to 13th September 2020,Mean,4.39,4.5,4.33,-,5,4.7,4.5,4.17,4.49,3.73,5,5,-,-,-,-,-,-,-,-,-,-,-,4.39,-,,,,,,,,,,,,,,,,,,,,,,,,,,,,,,,,,,,,,,,,,,,,
Table 67,Q5. Trust in the sources for information/news about Coronavirus used in last week: Direct from Northern Ireland Government website/email/text/post,ONLINE Fieldwork: 11th to 13th September 2020,Standard deviation Standard error,0.72,0.57,0.83,-,-,0.58,-,0.8,0.55,0.84,-,*,-,-,-,-,-,-,-,-,-,-,-,0.72,-,,,,,,,,,,,,,,,,,,,,,,,,,,,,,,,,,,,,,,,,,,,,
Table 59,Q5. Trust in the sources for information/news about Coronavirus used in last week: Direct from Northern Ireland Government website/email/text/post,ONLINE Fieldwork: 29th to 31st May 2020,Unweighted base,21,15,6,3,5,6,5,2,11,5,3,2,,,,,,,,,,,,,,,,,,,,,,,,,,,,,,,,,,,,,,,,,,,,,,,,,,,,,,,,,
Table 59,Q5. Trust in the sources for information/news about Coronavirus used in last week: Direct from Northern Ireland Government website/email/text/post,ONLINE Fieldwork: 29th to 31st May 2020,Weighted base,19**,14**,5**,3**,6**,5**,4**,2**,10**,4**,3**,2**,,,,,,,,,,,,,,,,,,,,,,,,,,,,,,,,,,,,,,,,,,,,,,,,,,,,,,,,,
Table 59,Q5. Trust in the sources for information/news about Coronavirus used in last week: Direct from Northern Ireland Government website/email/text/post,ONLINE Fieldwork: 29th to 31st May 2020,NET: Trust,16,13,3,2,6,5,2,2,8,4,3,2,,,,,,,,,,,,,,,,,,,,,,,,,,,,,,,,,,,,,,,,,,,,,,,,,,,,,,,,,
Table 59,Q5. Trust in the sources for information/news about Coronavirus used in last week: Direct from Northern Ireland Government website/email/text/post,ONLINE Fieldwork: 29th to 31st May 2020,5 - Trust completely,5,4,1,2,1,-,1,2,1,2,2,1,,,,,,,,,,,,,,,,,,,,,,,,,,,,,,,,,,,,,,,,,,,,,,,,,,,,,,,,,
Table 59,Q5. Trust in the sources for information/news about Coronavirus used in last week: Direct from Northern Ireland Government website/email/text/post,ONLINE Fieldwork: 29th to 31st May 2020,4,11,9,2,-,4,5,2,-,7,2,1,1,,,,,,,,,,,,,,,,,,,,,,,,,,,,,,,,,,,,,,,,,,,,,,,,,,,,,,,,,
Table 59,Q5. Trust in the sources for information/news about Coronavirus used in last week: Direct from Northern Ireland Government website/email/text/post,ONLINE Fieldwork: 29th to 31st May 2020,3,3,1,1,1,-,-,1,-,3,-,-,-,,,,,,,,,,,,,,,,,,,,,,,,,,,,,,,,,,,,,,,,,,,,,,,,,,,,,,,,,
Table 59,Q5. Trust in the sources for information/news about Coronavirus used in last week: Direct from Northern Ireland Government website/email/text/post,ONLINE Fieldwork: 29th to 31st May 2020,2,-,-,-,-,-,-,-,-,-,-,-,-,,,,,,,,,,,,,,,,,,,,,,,,,,,,,,,,,,,,,,,,,,,,,,,,,,,,,,,,,
Table 59,Q5. Trust in the sources for information/news about Coronavirus used in last week: Direct from Northern Ireland Government website/email/text/post,ONLINE Fieldwork: 29th to 31st May 2020,1 - Do not trust at all,-,-,-,-,-,-,-,-,-,-,-,-,,,,,,,,,,,,,,,,,,,,,,,,,,,,,,,,,,,,,,,,,,,,,,,,,,,,,,,,,
Table 59,Q5. Trust in the sources for information/news about Coronavirus used in last week: Direct from Northern Ireland Government website/email/text/post,ONLINE Fieldwork: 29th to 31st May 2020,NET: Do not trust,-,-,-,-,-,-,-,-,-,-,-,-,,,,,,,,,,,,,,,,,,,,,,,,,,,,,,,,,,,,,,,,,,,,,,,,,,,,,,,,,
Table 59,Q5. Trust in the sources for information/news about Coronavirus used in last week: Direct from Northern Ireland Government website/email/text/post,ONLINE Fieldwork: 29th to 31st May 2020,Mean,4.15,4.23,3.88,4.16,4.26,4,3.79,5,3.81,4.45,4.75,4.41,,,,,,,,,,,,,,,,,,,,,,,,,,,,,,,,,,,,,,,,,,,,,,,,,,,,,,,,,
Table 59,Q5. Trust in the sources for information/news about Coronavirus used in last week: Direct from Northern Ireland Government website/email/text/post,ONLINE Fieldwork: 29th to 31st May 2020,Standard deviation Standard error,0.65,0.6,0.79,1.25,0.48,0,0.8,-,0.56,0.58,0.54,0.67,,,,,,,,,,,,,,,,,,,,,,,,,,,,,,,,,,,,,,,,,,,,,,,,,,,,,,,,,
Table 169,Q5. Trust in the sources for information/news about Coronavirus used in last week: Direct from Northern Ireland Government website/email/text/post,ONLINE Fieldwork: 22nd to 24th May 2020,Unweighted base,11,4,7,1,2,5,-,3,4,2,1,4,,-,-,-,-,-,,-,,-,-,11,,3,3,2,,,,,,,,,,,,,,,,,,,,,,,,,,,,,,,,,,,,,,,,,
Table 169,Q5. Trust in the sources for information/news about Coronavirus used in last week: Direct from Northern Ireland Government website/email/text/post,ONLINE Fieldwork: 22nd to 24th May 2020,Weighted base,11**,4**,7**,1**,1**,6**,-**,2**,4**,2**,1**,4**,,-**,-**,-**,-**,-**,,-**,,-**,-**,11**,,4**,2**,2**,,,,,,,,,,,,,,,,,,,,,,,,,,,,,,,,,,,,,,,,,
Table 169,Q5. Trust in the sources for information/news about Coronavirus used in last week: Direct from Northern Ireland Government website/email/text/post,ONLINE Fieldwork: 22nd to 24th May 2020,NET: Trust,9,4,6,1,1,5,-,1,4,2,1,2,,-,-,-,-,-,,-,,-,-,9,,4,2,2,,,,,,,,,,,,,,,,,,,,,,,,,,,,,,,,,,,,,,,,,
Table 169,Q5. Trust in the sources for information/news about Coronavirus used in last week: Direct from Northern Ireland Government website/email/text/post,ONLINE Fieldwork: 22nd to 24th May 2020,5 - Trust completely,7,2,5,1,1,4,-,-,3,1,1,1,,-,-,-,-,-,,-,,-,-,7,,4,1,2,,,,,,,,,,,,,,,,,,,,,,,,,,,,,,,,,,,,,,,,,
Table 169,Q5. Trust in the sources for information/news about Coronavirus used in last week: Direct from Northern Ireland Government website/email/text/post,ONLINE Fieldwork: 22nd to 24th May 2020,4,3,2,1,-,-,1,-,1,1,1,-,*,,-,-,-,-,-,,-,,-,-,3,,-,2,-,,,,,,,,,,,,,,,,,,,,,,,,,,,,,,,,,,,,,,,,,
Table 169,Q5. Trust in the sources for information/news about Coronavirus used in last week: Direct from Northern Ireland Government website/email/text/post,ONLINE Fieldwork: 22nd to 24th May 2020,3,2,-,2,-,-,1,-,1,-,-,-,2,,-,-,-,-,-,,-,,-,-,2,,-,-,-,,,,,,,,,,,,,,,,,,,,,,,,,,,,,,,,,,,,,,,,,
Table 169,Q5. Trust in the sources for information/news about Coronavirus used in last week: Direct from Northern Ireland Government website/email/text/post,ONLINE Fieldwork: 22nd to 24th May 2020,2,-,-,-,-,-,-,-,-,-,-,-,-,,-,-,-,-,-,,-,,-,-,-,,-,-,-,,,,,,,,,,,,,,,,,,,,,,,,,,,,,,,,,,,,,,,,,
Table 169,Q5. Trust in the sources for information/news about Coronavirus used in last week: Direct from Northern Ireland Government website/email/text/post,ONLINE Fieldwork: 22nd to 24th May 2020,1 - Do not trust at all,-,-,-,-,-,-,-,-,-,-,-,-,,-,-,-,-,-,,-,,-,-,-,,-,-,-,,,,,,,,,,,,,,,,,,,,,,,,,,,,,,,,,,,,,,,,,
Table 169,Q5. Trust in the sources for information/news about Coronavirus used in last week: Direct from Northern Ireland Government website/email/text/post,ONLINE Fieldwork: 22nd to 24th May 2020,NET: Do not trust,-,-,-,-,-,-,-,-,-,-,-,-,,-,-,-,-,-,,-,,-,-,-,,-,-,-,,,,,,,,,,,,,,,,,,,,,,,,,,,,,,,,,,,,,,,,,
Table 169,Q5. Trust in the sources for information/news about Coronavirus used in last week: Direct from Northern Ireland Government website/email/text/post,ONLINE Fieldwork: 22nd to 24th May 2020,Mean,4.43,4.59,4.35,5,5,4.47,-,3.65,4.73,4.56,5,3.8,,-,-,-,-,-,,-,,-,-,4.43,,5,4.32,5,,,,,,,,,,,,,,,,,,,,,,,,,,,,,,,,,,,,,,,,,
Table 169,Q5. Trust in the sources for information/news about Coronavirus used in last week: Direct from Northern Ireland Government website/email/text/post,ONLINE Fieldwork: 22nd to 24th May 2020,Standard deviation Standard error,0.8,0.57,0.92,-,-,0.85,-,0.64,0.51,0.66,-,1.08,,-,-,-,-,-,,-,,-,-,0.8,,0,0.62,0,,,,,,,,,,,,,,,,,,,,,,,,,,,,,,,,,,,,,,,,,
Table 170,Q5. Trust in the sources for information/news about Coronavirus used in last week: Direct from Northern Ireland Government website/email/text/post,ONLINE Fieldwork: 22nd to 24th May 2020,Unweighted base,11,,,,,,,,,,,,,,,,,,,,,,,,,,,,10,7,7,5,11,4,-,4,-,-,5,4,10,-,4,-,-,2,5,,,,,,,,,,,,,,,,,,,,,,
Table 170,Q5. Trust in the sources for information/news about Coronavirus used in last week: Direct from Northern Ireland Government website/email/text/post,ONLINE Fieldwork: 22nd to 24th May 2020,Weighted base,11**,,,,,,,,,,,,,,,,,,,,,,,,,,,,10**,8**,7**,5**,11**,4**,-**,4**,-**,-**,5**,5**,10**,-**,4**,-**,-**,2**,6**,,,,,,,,,,,,,,,,,,,,,,
Table 170,Q5. Trust in the sources for information/news about Coronavirus used in last week: Direct from Northern Ireland Government website/email/text/post,ONLINE Fieldwork: 22nd to 24th May 2020,NET: Trust,9,,,,,,,,,,,,,,,,,,,,,,,,,,,,8,6,5,4,9,4,-,4,-,-,5,5,8,-,2,-,-,2,5,,,,,,,,,,,,,,,,,,,,,,
Table 170,Q5. Trust in the sources for information/news about Coronavirus used in last week: Direct from Northern Ireland Government website/email/text/post,ONLINE Fieldwork: 22nd to 24th May 2020,5 - Trust completely,7,,,,,,,,,,,,,,,,,,,,,,,,,,,,6,4,3,2,7,3,-,3,-,-,4,4,6,-,2,-,-,2,4,,,,,,,,,,,,,,,,,,,,,,
Table 170,Q5. Trust in the sources for information/news about Coronavirus used in last week: Direct from Northern Ireland Government website/email/text/post,ONLINE Fieldwork: 22nd to 24th May 2020,4,3,,,,,,,,,,,,,,,,,,,,,,,,,,,,3,2,2,2,3,*,-,*,-,-,2,1,3,-,-,-,-,-,1,,,,,,,,,,,,,,,,,,,,,,
Table 170,Q5. Trust in the sources for information/news about Coronavirus used in last week: Direct from Northern Ireland Government website/email/text/post,ONLINE Fieldwork: 22nd to 24th May 2020,3,2,,,,,,,,,,,,,,,,,,,,,,,,,,,,2,1,2,1,2,-,-,-,-,-,-,-,2,-,2,-,-,-,1,,,,,,,,,,,,,,,,,,,,,,
Table 170,Q5. Trust in the sources for information/news about Coronavirus used in last week: Direct from Northern Ireland Government website/email/text/post,ONLINE Fieldwork: 22nd to 24th May 2020,2,-,,,,,,,,,,,,,,,,,,,,,,,,,,,,-,-,-,-,-,-,-,-,-,-,-,-,-,-,-,-,-,-,-,,,,,,,,,,,,,,,,,,,,,,
Table 170,Q5. Trust in the sources for information/news about Coronavirus used in last week: Direct from Northern Ireland Government website/email/text/post,ONLINE Fieldwork: 22nd to 24th May 2020,1 - Do not trust at all,-,,,,,,,,,,,,,,,,,,,,,,,,,,,,-,-,-,-,-,-,-,-,-,-,-,-,-,-,-,-,-,-,-,,,,,,,,,,,,,,,,,,,,,,
Table 170,Q5. Trust in the sources for information/news about Coronavirus used in last week: Direct from Northern Ireland Government website/email/text/post,ONLINE Fieldwork: 22nd to 24th May 2020,NET: Do not trust,-,,,,,,,,,,,,,,,,,,,,,,,,,,,,-,-,-,-,-,-,-,-,-,-,-,-,-,-,-,-,-,-,-,,,,,,,,,,,,,,,,,,,,,,
Table 170,Q5. Trust in the sources for information/news about Coronavirus used in last week: Direct from Northern Ireland Government website/email/text/post,ONLINE Fieldwork: 22nd to 24th May 2020,Mean,4.43,,,,,,,,,,,,,,,,,,,,,,,,,,,,4.37,4.42,4.21,4.25,4.43,4.88,-,4.88,-,-,4.69,4.76,4.37,-,4.03,-,-,5,4.56,,,,,,,,,,,,,,,,,,,,,,
Table 170,Q5. Trust in the sources for information/news about Coronavirus used in last week: Direct from Northern Ireland Government website/email/text/post,ONLINE Fieldwork: 22nd to 24th May 2020,Standard deviation Standard error,0.8,,,,,,,,,,,,,,,,,,,,,,,,,,,,0.82,0.79,0.92,0.8,0.8,0.37,-,0.37,-,-,0.51,0.48,0.82,-,1.16,-,-,0,0.79,,,,,,,,,,,,,,,,,,,,,,
Table 171,Q5. Trust in the sources for information/news about Coronavirus used in last week: Direct from Northern Ireland Government website/email/text/post,ONLINE Fieldwork: 22nd to 24th May 2020,Unweighted base,11,,,,,,,,,,,,,,,,,,,,,,,,,,,,,,,,,,,,,,,,,,,,,,,-,-,1,-,1,-,2,2,4,2,11,1,11,10,10,11,-,,,,,
Table 171,Q5. Trust in the sources for information/news about Coronavirus used in last week: Direct from Northern Ireland Government website/email/text/post,ONLINE Fieldwork: 22nd to 24th May 2020,Weighted base,11**,,,,,,,,,,,,,,,,,,,,,,,,,,,,,,,,,,,,,,,,,,,,,,,-**,-**,1**,-**,1**,-**,3**,2**,4**,3**,11**,1**,11**,10**,10**,11**,-**,,,,,
Table 171,Q5. Trust in the sources for information/news about Coronavirus used in last week: Direct from Northern Ireland Government website/email/text/post,ONLINE Fieldwork: 22nd to 24th May 2020,NET: Trust,9,,,,,,,,,,,,,,,,,,,,,,,,,,,,,,,,,,,,,,,,,,,,,,,-,-,1,-,1,-,3,*,4,2,9,-,9,8,9,9,-,,,,,
Table 171,Q5. Trust in the sources for information/news about Coronavirus used in last week: Direct from Northern Ireland Government website/email/text/post,ONLINE Fieldwork: 22nd to 24th May 2020,5 - Trust completely,7,,,,,,,,,,,,,,,,,,,,,,,,,,,,,,,,,,,,,,,,,,,,,,,-,-,1,-,-,-,3,-,2,2,7,-,7,7,7,7,-,,,,,
Table 171,Q5. Trust in the sources for information/news about Coronavirus used in last week: Direct from Northern Ireland Government website/email/text/post,ONLINE Fieldwork: 22nd to 24th May 2020,4,3,,,,,,,,,,,,,,,,,,,,,,,,,,,,,,,,,,,,,,,,,,,,,,,-,-,-,-,1,-,-,*,2,-,3,-,3,1,3,3,-,,,,,
Table 171,Q5. Trust in the sources for information/news about Coronavirus used in last week: Direct from Northern Ireland Government website/email/text/post,ONLINE Fieldwork: 22nd to 24th May 2020,3,2,,,,,,,,,,,,,,,,,,,,,,,,,,,,,,,,,,,,,,,,,,,,,,,-,-,-,-,-,-,-,1,-,1,2,1,2,2,1,2,-,,,,,
Table 171,Q5. Trust in the sources for information/news about Coronavirus used in last week: Direct from Northern Ireland Government website/email/text/post,ONLINE Fieldwork: 22nd to 24th May 2020,2,-,,,,,,,,,,,,,,,,,,,,,,,,,,,,,,,,,,,,,,,,,,,,,,,-,-,-,-,-,-,-,-,-,-,-,-,-,-,-,-,-,,,,,
Table 171,Q5. Trust in the sources for information/news about Coronavirus used in last week: Direct from Northern Ireland Government website/email/text/post,ONLINE Fieldwork: 22nd to 24th May 2020,1 - Do not trust at all,-,,,,,,,,,,,,,,,,,,,,,,,,,,,,,,,,,,,,,,,,,,,,,,,-,-,-,-,-,-,-,-,-,-,-,-,-,-,-,-,-,,,,,
Table 171,Q5. Trust in the sources for information/news about Coronavirus used in last week: Direct from Northern Ireland Government website/email/text/post,ONLINE Fieldwork: 22nd to 24th May 2020,NET: Do not trust,-,,,,,,,,,,,,,,,,,,,,,,,,,,,,,,,,,,,,,,,,,,,,,,,-,-,-,-,-,-,-,-,-,-,-,-,-,-,-,-,-,,,,,
Table 171,Q5. Trust in the sources for information/news about Coronavirus used in last week: Direct from Northern Ireland Government website/email/text/post,ONLINE Fieldwork: 22nd to 24th May 2020,Mean,4.43,,,,,,,,,,,,,,,,,,,,,,,,,,,,,,,,,,,,,,,,,,,,,,,-,-,5,-,4,-,5,3.29,4.59,4.16,4.43,3,4.43,4.48,4.59,4.43,-,,,,,
Table 171,Q5. Trust in the sources for information/news about Coronavirus used in last week: Direct from Northern Ireland Government website/email/text/post,ONLINE Fieldwork: 22nd to 24th May 2020,Standard deviation Standard error,0.8,,,,,,,,,,,,,,,,,,,,,,,,,,,,,,,,,,,,,,,,,,,,,,,-,-,-,-,-,-,0,-,0.57,1.25,0.8,-,0.8,0.83,0.66,0.8,-,,,,,
Table 68,Q5. Trust in the sources for information/news about Coronavirus used in last week: Direct from Northern Ireland Government website/email/text/post,ONLINE Fieldwork: 5th to 11th April 2021,Unweighted base,11,5,6,1,3,1,5,1,5,-,2,4,-,-,-,-,-,-,-,-,-,-,-,11,-,,,,,,,,,,,,,,,,,,,,,,,,,,,,,,,,,,,,,,,,,,,,
Table 68,Q5. Trust in the sources for information/news about Coronavirus used in last week: Direct from Northern Ireland Government website/email/text/post,ONLINE Fieldwork: 5th to 11th April 2021,Weighted base,8**,3**,5**,1**,2**,1**,3**,1**,3**,-**,1**,4**,-**,-**,-**,-**,-**,-**,-**,-**,-**,-**,-**,8**,-**,,,,,,,,,,,,,,,,,,,,,,,,,,,,,,,,,,,,,,,,,,,,
Table 68,Q5. Trust in the sources for information/news about Coronavirus used in last week: Direct from Northern Ireland Government website/email/text/post,ONLINE Fieldwork: 5th to 11th April 2021,NET: Trust,4,1,3,1,1,1,2,-,1,-,1,2,-,-,-,-,-,-,-,-,-,-,-,4,-,,,,,,,,,,,,,,,,,,,,,,,,,,,,,,,,,,,,,,,,,,,,
Table 68,Q5. Trust in the sources for information/news about Coronavirus used in last week: Direct from Northern Ireland Government website/email/text/post,ONLINE Fieldwork: 5th to 11th April 2021,5 - Trust completely,2,1,1,-,1,-,1,-,1,-,-,1,-,-,-,-,-,-,-,-,-,-,-,2,-,,,,,,,,,,,,,,,,,,,,,,,,,,,,,,,,,,,,,,,,,,,,
Table 68,Q5. Trust in the sources for information/news about Coronavirus used in last week: Direct from Northern Ireland Government website/email/text/post,ONLINE Fieldwork: 5th to 11th April 2021,4,2,1,2,1,-,1,1,-,1,-,1,1,-,-,-,-,-,-,-,-,-,-,-,2,-,,,,,,,,,,,,,,,,,,,,,,,,,,,,,,,,,,,,,,,,,,,,
Table 68,Q5. Trust in the sources for information/news about Coronavirus used in last week: Direct from Northern Ireland Government website/email/text/post,ONLINE Fieldwork: 5th to 11th April 2021,3,4,2,2,-,2,-,2,1,2,-,*,2,-,-,-,-,-,-,-,-,-,-,-,4,-,,,,,,,,,,,,,,,,,,,,,,,,,,,,,,,,,,,,,,,,,,,,
Table 68,Q5. Trust in the sources for information/news about Coronavirus used in last week: Direct from Northern Ireland Government website/email/text/post,ONLINE Fieldwork: 5th to 11th April 2021,2,-,-,-,-,-,-,-,-,-,-,-,-,-,-,-,-,-,-,-,-,-,-,-,-,-,,,,,,,,,,,,,,,,,,,,,,,,,,,,,,,,,,,,,,,,,,,,
Table 68,Q5. Trust in the sources for information/news about Coronavirus used in last week: Direct from Northern Ireland Government website/email/text/post,ONLINE Fieldwork: 5th to 11th April 2021,1 - Do not trust at all,-,-,-,-,-,-,-,-,-,-,-,-,-,-,-,-,-,-,-,-,-,-,-,-,-,,,,,,,,,,,,,,,,,,,,,,,,,,,,,,,,,,,,,,,,,,,,
Table 68,Q5. Trust in the sources for information/news about Coronavirus used in last week: Direct from Northern Ireland Government website/email/text/post,ONLINE Fieldwork: 5th to 11th April 2021,NET: Do not trust,-,-,-,-,-,-,-,-,-,-,-,-,-,-,-,-,-,-,-,-,-,-,-,-,-,,,,,,,,,,,,,,,,,,,,,,,,,,,,,,,,,,,,,,,,,,,,
Table 68,Q5. Trust in the sources for information/news about Coronavirus used in last week: Direct from Northern Ireland Government website/email/text/post,ONLINE Fieldwork: 5th to 11th April 2021,Mean,3.73,3.66,3.77,4,3.57,4,3.82,3,3.61,-,3.57,3.86,-,-,-,-,-,-,-,-,-,-,-,3.73,-,,,,,,,,,,,,,,,,,,,,,,,,,,,,,,,,,,,,,,,,,,,,
Table 68,Q5. Trust in the sources for information/news about Coronavirus used in last week: Direct from Northern Ireland Government website/email/text/post,ONLINE Fieldwork: 5th to 11th April 2021,Standard deviation Standard error,0.85,0.98,0.87,-,1.18,-,1.07,-,0.95,-,-,0.95,-,-,-,-,-,-,-,-,-,-,-,0.85,-,,,,,,,,,,,,,,,,,,,,,,,,,,,,,,,,,,,,,,,,,,,,
Table 59,Q5. Trust in the sources for information/news about Coronavirus used in last week: Direct from Northern Ireland Government website/email/text/post,ONLINE Fieldwork: 5th to 7th June 2020,Unweighted base,21,10,11,4,2,5,5,4,9,6,1,5,,,,,,,,,,,,,,,,,,,,,,,,,,,,,,,,,,,,,,,,,,,,,,,,,,,,,1,1,,,
Table 59,Q5. Trust in the sources for information/news about Coronavirus used in last week: Direct from Northern Ireland Government website/email/text/post,ONLINE Fieldwork: 5th to 7th June 2020,Weighted base,16**,8**,8**,4**,1**,3**,4**,3**,7**,5**,1**,4**,,,,,,,,,,,,,,,,,,,,,,,,,,,,,,,,,,,,,,,,,,,,,,,,,,,,,1**,1**,,,
Table 59,Q5. Trust in the sources for information/news about Coronavirus used in last week: Direct from Northern Ireland Government website/email/text/post,ONLINE Fieldwork: 5th to 7th June 2020,NET: Trust,14,8,6,2,1,3,4,2,6,5,1,3,,,,,,,,,,,,,,,,,,,,,,,,,,,,,,,,,,,,,,,,,,,,,,,,,,,,,1,1,,,
Table 59,Q5. Trust in the sources for information/news about Coronavirus used in last week: Direct from Northern Ireland Government website/email/text/post,ONLINE Fieldwork: 5th to 7th June 2020,5 - Trust completely,5,3,2,2,-,1,*,1,1,3,1,-,,,,,,,,,,,,,,,,,,,,,,,,,,,,,,,,,,,,,,,,,,,,,,,,,,,,,1,1,,,
Table 59,Q5. Trust in the sources for information/news about Coronavirus used in last week: Direct from Northern Ireland Government website/email/text/post,ONLINE Fieldwork: 5th to 7th June 2020,4,8,5,4,1,1,2,3,2,5,1,-,3,,,,,,,,,,,,,,,,,,,,,,,,,,,,,,,,,,,,,,,,,,,,,,,,,,,,,-,-,,,
Table 59,Q5. Trust in the sources for information/news about Coronavirus used in last week: Direct from Northern Ireland Government website/email/text/post,ONLINE Fieldwork: 5th to 7th June 2020,3,2,-,2,1,-,-,-,1,1,-,-,1,,,,,,,,,,,,,,,,,,,,,,,,,,,,,,,,,,,,,,,,,,,,,,,,,,,,,-,-,,,
Table 59,Q5. Trust in the sources for information/news about Coronavirus used in last week: Direct from Northern Ireland Government website/email/text/post,ONLINE Fieldwork: 5th to 7th June 2020,2,-,-,-,-,-,-,-,-,-,-,-,-,,,,,,,,,,,,,,,,,,,,,,,,,,,,,,,,,,,,,,,,,,,,,,,,,,,,,-,-,,,
Table 59,Q5. Trust in the sources for information/news about Coronavirus used in last week: Direct from Northern Ireland Government website/email/text/post,ONLINE Fieldwork: 5th to 7th June 2020,1 - Do not trust at all,-,-,-,-,-,-,-,-,-,-,-,-,,,,,,,,,,,,,,,,,,,,,,,,,,,,,,,,,,,,,,,,,,,,,,,,,,,,,-,-,,,
Table 59,Q5. Trust in the sources for information/news about Coronavirus used in last week: Direct from Northern Ireland Government website/email/text/post,ONLINE Fieldwork: 5th to 7th June 2020,NET: Do not trust,-,-,-,-,-,-,-,-,-,-,-,-,,,,,,,,,,,,,,,,,,,,,,,,,,,,,,,,,,,,,,,,,,,,,,,,,,,,,-,-,,,
Table 59,Q5. Trust in the sources for information/news about Coronavirus used in last week: Direct from Northern Ireland Government website/email/text/post,ONLINE Fieldwork: 5th to 7th June 2020,Mean,4.2,4.39,4.01,4.09,4,4.46,4.1,3.94,4.07,4.72,5,3.66,,,,,,,,,,,,,,,,,,,,,,,,,,,,,,,,,,,,,,,,,,,,,,,,,,,,,5,5,,,
Table 59,Q5. Trust in the sources for information/news about Coronavirus used in last week: Direct from Northern Ireland Government website/email/text/post,ONLINE Fieldwork: 5th to 7th June 2020,Standard deviation Standard error,0.68,0.52,0.79,1.05,-,0.61,0.35,0.83,0.62,0.51,-,0.55,,,,,,,,,,,,,,,,,,,,,,,,,,,,,,,,,,,,,,,,,,,,,,,,,,,,,-,-,,,
Table 68,Q5. Trust in the sources for information/news about Coronavirus used in last week: Direct from Northern Ireland Government website/email/text/post,ONLINE Fieldwork: 12th to 14th March 2021,Unweighted base,15,6,9,2,2,6,2,3,6,4,2,3,-,-,-,-,-,-,-,-,-,-,-,15,-,,,,,,,,,,,,,,,,,,,,,,,,,,,,,,,,,,,,,,,,,,,,
Table 68,Q5. Trust in the sources for information/news about Coronavirus used in last week: Direct from Northern Ireland Government website/email/text/post,ONLINE Fieldwork: 12th to 14th March 2021,Weighted base,13**,5**,9**,2**,2**,7**,1**,2**,4**,5**,2**,3**,-**,-**,-**,-**,-**,-**,-**,-**,-**,-**,-**,13**,-**,,,,,,,,,,,,,,,,,,,,,,,,,,,,,,,,,,,,,,,,,,,,
Table 68,Q5. Trust in the sources for information/news about Coronavirus used in last week: Direct from Northern Ireland Government website/email/text/post,ONLINE Fieldwork: 12th to 14th March 2021,NET: Trust,11,3,8,1,2,7,*,1,2,4,2,3,-,-,-,-,-,-,-,-,-,-,-,11,-,,,,,,,,,,,,,,,,,,,,,,,,,,,,,,,,,,,,,,,,,,,,
Table 68,Q5. Trust in the sources for information/news about Coronavirus used in last week: Direct from Northern Ireland Government website/email/text/post,ONLINE Fieldwork: 12th to 14th March 2021,5 - Trust completely,7,1,5,1,-,5,-,1,2,1,1,2,-,-,-,-,-,-,-,-,-,-,-,7,-,,,,,,,,,,,,,,,,,,,,,,,,,,,,,,,,,,,,,,,,,,,,
Table 68,Q5. Trust in the sources for information/news about Coronavirus used in last week: Direct from Northern Ireland Government website/email/text/post,ONLINE Fieldwork: 12th to 14th March 2021,4,4,2,2,-,2,2,*,-,*,2,1,1,-,-,-,-,-,-,-,-,-,-,-,4,-,,,,,,,,,,,,,,,,,,,,,,,,,,,,,,,,,,,,,,,,,,,,
Table 68,Q5. Trust in the sources for information/news about Coronavirus used in last week: Direct from Northern Ireland Government website/email/text/post,ONLINE Fieldwork: 12th to 14th March 2021,3,3,1,1,1,-,-,1,1,2,1,-,-,-,-,-,-,-,-,-,-,-,-,-,3,-,,,,,,,,,,,,,,,,,,,,,,,,,,,,,,,,,,,,,,,,,,,,
Table 68,Q5. Trust in the sources for information/news about Coronavirus used in last week: Direct from Northern Ireland Government website/email/text/post,ONLINE Fieldwork: 12th to 14th March 2021,2,-,-,-,-,-,-,-,-,-,-,-,-,-,-,-,-,-,-,-,-,-,-,-,-,-,,,,,,,,,,,,,,,,,,,,,,,,,,,,,,,,,,,,,,,,,,,,
Table 68,Q5. Trust in the sources for information/news about Coronavirus used in last week: Direct from Northern Ireland Government website/email/text/post,ONLINE Fieldwork: 12th to 14th March 2021,1 - Do not trust at all,-,-,-,-,-,-,-,-,-,-,-,-,-,-,-,-,-,-,-,-,-,-,-,-,-,,,,,,,,,,,,,,,,,,,,,,,,,,,,,,,,,,,,,,,,,,,,
Table 68,Q5. Trust in the sources for information/news about Coronavirus used in last week: Direct from Northern Ireland Government website/email/text/post,ONLINE Fieldwork: 12th to 14th March 2021,NET: Do not trust,-,-,-,-,-,-,-,-,-,-,-,-,-,-,-,-,-,-,-,-,-,-,-,-,-,,,,,,,,,,,,,,,,,,,,,,,,,,,,,,,,,,,,,,,,,,,,
Table 68,Q5. Trust in the sources for information/news about Coronavirus used in last week: Direct from Northern Ireland Government website/email/text/post,ONLINE Fieldwork: 12th to 14th March 2021,Mean,4.3,4.03,4.44,4.37,4,4.67,3.34,3.82,4.04,4.13,4.59,4.76,-,-,-,-,-,-,-,-,-,-,-,4.3,-,,,,,,,,,,,,,,,,,,,,,,,,,,,,,,,,,,,,,,,,,,,,
Table 68,Q5. Trust in the sources for information/news about Coronavirus used in last week: Direct from Northern Ireland Government website/email/text/post,ONLINE Fieldwork: 12th to 14th March 2021,Standard deviation Standard error,0.8,0.86,0.78,-,-,0.51,-,1.38,1.09,0.77,0.69,0.53,-,-,-,-,-,-,-,-,-,-,-,0.8,-,,,,,,,,,,,,,,,,,,,,,,,,,,,,,,,,,,,,,,,,,,,,
Table 67,Q5. Trust in the sources for information/news about Coronavirus used in last week: Direct from Northern Ireland Government website/email/text/post,ONLINE Fieldwork: 6th to 8th November 2020,Unweighted base,11,4,7,-,2,4,1,3,5,3,3,-,-,-,-,-,-,-,-,-,-,-,-,11,-,,,,,,,,,,,,,,,,,,,,,,,,,,,,,,,,,,,,,,,,1,1,,,
Table 67,Q5. Trust in the sources for information/news about Coronavirus used in last week: Direct from Northern Ireland Government website/email/text/post,ONLINE Fieldwork: 6th to 8th November 2020,Weighted base,10**,3**,7**,-**,2**,3**,1**,2**,4**,3**,3**,-**,-**,-**,-**,-**,-**,-**,-**,-**,-**,-**,-**,10**,-**,,,,,,,,,,,,,,,,,,,,,,,,,,,,,,,,,,,,,,,,1**,1**,,,
Table 67,Q5. Trust in the sources for information/news about Coronavirus used in last week: Direct from Northern Ireland Government website/email/text/post,ONLINE Fieldwork: 6th to 8th November 2020,NET: Trust,9,3,6,-,1,3,1,2,4,2,3,-,-,-,-,-,-,-,-,-,-,-,-,9,-,,,,,,,,,,,,,,,,,,,,,,,,,,,,,,,,,,,,,,,,1,1,,,
Table 67,Q5. Trust in the sources for information/news about Coronavirus used in last week: Direct from Northern Ireland Government website/email/text/post,ONLINE Fieldwork: 6th to 8th November 2020,5 - Trust completely,4,1,3,-,1,2,-,1,2,1,1,-,-,-,-,-,-,-,-,-,-,-,-,4,-,,,,,,,,,,,,,,,,,,,,,,,,,,,,,,,,,,,,,,,,-,-,,,
Table 67,Q5. Trust in the sources for information/news about Coronavirus used in last week: Direct from Northern Ireland Government website/email/text/post,ONLINE Fieldwork: 6th to 8th November 2020,4,5,2,3,-,-,2,1,1,2,1,2,-,-,-,-,-,-,-,-,-,-,-,-,5,-,,,,,,,,,,,,,,,,,,,,,,,,,,,,,,,,,,,,,,,,1,1,,,
Table 67,Q5. Trust in the sources for information/news about Coronavirus used in last week: Direct from Northern Ireland Government website/email/text/post,ONLINE Fieldwork: 6th to 8th November 2020,3,-,-,-,-,-,-,-,-,-,-,-,-,-,-,-,-,-,-,-,-,-,-,-,-,-,,,,,,,,,,,,,,,,,,,,,,,,,,,,,,,,,,,,,,,,-,-,,,
Table 67,Q5. Trust in the sources for information/news about Coronavirus used in last week: Direct from Northern Ireland Government website/email/text/post,ONLINE Fieldwork: 6th to 8th November 2020,2,1,-,1,-,1,-,-,-,-,1,-,-,-,-,-,-,-,-,-,-,-,-,-,1,-,,,,,,,,,,,,,,,,,,,,,,,,,,,,,,,,,,,,,,,,-,-,,,
Table 67,Q5. Trust in the sources for information/news about Coronavirus used in last week: Direct from Northern Ireland Government website/email/text/post,ONLINE Fieldwork: 6th to 8th November 2020,1 - Do not trust at all,-,-,-,-,-,-,-,-,-,-,-,-,-,-,-,-,-,-,-,-,-,-,-,-,-,,,,,,,,,,,,,,,,,,,,,,,,,,,,,,,,,,,,,,,,-,-,,,
Table 67,Q5. Trust in the sources for information/news about Coronavirus used in last week: Direct from Northern Ireland Government website/email/text/post,ONLINE Fieldwork: 6th to 8th November 2020,NET: Do not trust,1,-,1,-,1,-,-,-,-,1,-,-,-,-,-,-,-,-,-,-,-,-,-,1,-,,,,,,,,,,,,,,,,,,,,,,,,,,,,,,,,,,,,,,,,-,-,,,
Table 67,Q5. Trust in the sources for information/news about Coronavirus used in last week: Direct from Northern Ireland Government website/email/text/post,ONLINE Fieldwork: 6th to 8th November 2020,Mean,4.2,4.24,4.19,-,3.38,4.5,4,4.64,4.62,3.55,4.24,-,-,-,-,-,-,-,-,-,-,-,-,4.2,-,,,,,,,,,,,,,,,,,,,,,,,,,,,,,,,,,,,,,,,,4,4,,,
Table 67,Q5. Trust in the sources for information/news about Coronavirus used in last week: Direct from Northern Ireland Government website/email/text/post,ONLINE Fieldwork: 6th to 8th November 2020,Standard deviation Standard error,0.89,0.51,1.07,-,-,0.6,-,0.64,0.56,1.46,0.52,-,-,-,-,-,-,-,-,-,-,-,-,0.89,-,,,,,,,,,,,,,,,,,,,,,,,,,,,,,,,,,,,,,,,,-,-,,,
Table 59,Q5. Trust in the sources for information/news about Coronavirus used in last week: Direct from Northern Ireland Government website/email/text/post,ONLINE Fieldwork: 12th to 15th June 2020,Unweighted base,9,5,4,1,1,2,2,2,3,2,1,3,,,,,,,,,,,,,,,,,,,,,,,,,,,,,,,,,,,,,,,,,,,,,,,,,,,,,1,1,,,
Table 59,Q5. Trust in the sources for information/news about Coronavirus used in last week: Direct from Northern Ireland Government website/email/text/post,ONLINE Fieldwork: 12th to 15th June 2020,Weighted base,10**,5**,4**,1**,1**,2**,2**,2**,4**,2**,1**,4**,,,,,,,,,,,,,,,,,,,,,,,,,,,,,,,,,,,,,,,,,,,,,,,,,,,,,1**,1**,,,
Table 59,Q5. Trust in the sources for information/news about Coronavirus used in last week: Direct from Northern Ireland Government website/email/text/post,ONLINE Fieldwork: 12th to 15th June 2020,NET: Trust,6,3,3,1,-,1,1,2,2,2,-,3,,,,,,,,,,,,,,,,,,,,,,,,,,,,,,,,,,,,,,,,,,,,,,,,,,,,,1,1,,,
Table 59,Q5. Trust in the sources for information/news about Coronavirus used in last week: Direct from Northern Ireland Government website/email/text/post,ONLINE Fieldwork: 12th to 15th June 2020,5 - Trust completely,1,-,1,-,-,-,-,-,-,-,-,1,,,,,,,,,,,,,,,,,,,,,,,,,,,,,,,,,,,,,,,,,,,,,,,,,,,,,1,1,,,
Table 59,Q5. Trust in the sources for information/news about Coronavirus used in last week: Direct from Northern Ireland Government website/email/text/post,ONLINE Fieldwork: 12th to 15th June 2020,4,5,3,2,1,-,1,1,2,2,2,-,1,,,,,,,,,,,,,,,,,,,,,,,,,,,,,,,,,,,,,,,,,,,,,,,,,,,,,-,-,,,
Table 59,Q5. Trust in the sources for information/news about Coronavirus used in last week: Direct from Northern Ireland Government website/email/text/post,ONLINE Fieldwork: 12th to 15th June 2020,3,2,1,1,-,1,1,-,-,1,-,-,1,,,,,,,,,,,,,,,,,,,,,,,,,,,,,,,,,,,,,,,,,,,,,,,,,,,,,-,-,,,
Table 59,Q5. Trust in the sources for information/news about Coronavirus used in last week: Direct from Northern Ireland Government website/email/text/post,ONLINE Fieldwork: 12th to 15th June 2020,2,1,1,-,-,-,-,1,-,-,-,1,-,,,,,,,,,,,,,,,,,,,,,,,,,,,,,,,,,,,,,,,,,,,,,,,,,,,,,-,-,,,
Table 59,Q5. Trust in the sources for information/news about Coronavirus used in last week: Direct from Northern Ireland Government website/email/text/post,ONLINE Fieldwork: 12th to 15th June 2020,1 - Do not trust at all,-,-,-,-,-,-,-,-,-,-,-,-,,,,,,,,,,,,,,,,,,,,,,,,,,,,,,,,,,,,,,,,,,,,,,,,,,,,,-,-,,,
Table 59,Q5. Trust in the sources for information/news about Coronavirus used in last week: Direct from Northern Ireland Government website/email/text/post,ONLINE Fieldwork: 12th to 15th June 2020,NET: Do not trust,1,1,-,-,-,-,1,-,-,-,1,-,,,,,,,,,,,,,,,,,,,,,,,,,,,,,,,,,,,,,,,,,,,,,,,,,,,,,-,-,,,
Table 59,Q5. Trust in the sources for information/news about Coronavirus used in last week: Direct from Northern Ireland Government website/email/text/post,ONLINE Fieldwork: 12th to 15th June 2020,Mean,3.76,3.47,4.1,4,3,3.43,3.27,4,3.62,4,2,4.13,,,,,,,,,,,,,,,,,,,,,,,,,,,,,,,,,,,,,,,,,,,,,,,,,,,,,5,5,,,
Table 59,Q5. Trust in the sources for information/news about Coronavirus used in last week: Direct from Northern Ireland Government website/email/text/post,ONLINE Fieldwork: 12th to 15th June 2020,Standard deviation Standard error,0.84,0.79,0.85,-,-,0.64,-,-,0.57,-,-,0.98,,,,,,,,,,,,,,,,,,,,,,,,,,,,,,,,,,,,,,,,,,,,,,,,,,,,,-,-,,,
Table 68,Q5. Trust in the sources for information/news about Coronavirus used in last week: Direct from Northern Ireland Government website/email/text/post,ONLINE Fieldwork: 4th to 6th June 2021,Unweighted base,8,2,6,-,4,1,1,2,3,3,2,-,-,-,-,-,-,-,-,-,-,-,-,8,-,,,,,,,,,,,,,,,,,,,,,,,,,,,,,,,,,,,,,,,,,,,,
Table 68,Q5. Trust in the sources for information/news about Coronavirus used in last week: Direct from Northern Ireland Government website/email/text/post,ONLINE Fieldwork: 4th to 6th June 2021,Weighted base,8**,3**,5**,-**,3**,1**,2**,2**,3**,2**,3**,-**,-**,-**,-**,-**,-**,-**,-**,-**,-**,-**,-**,8**,-**,,,,,,,,,,,,,,,,,,,,,,,,,,,,,,,,,,,,,,,,,,,,
Table 68,Q5. Trust in the sources for information/news about Coronavirus used in last week: Direct from Northern Ireland Government website/email/text/post,ONLINE Fieldwork: 4th to 6th June 2021,NET: Trust,7,3,5,-,3,1,2,2,3,2,3,-,-,-,-,-,-,-,-,-,-,-,-,7,-,,,,,,,,,,,,,,,,,,,,,,,,,,,,,,,,,,,,,,,,,,,,
Table 68,Q5. Trust in the sources for information/news about Coronavirus used in last week: Direct from Northern Ireland Government website/email/text/post,ONLINE Fieldwork: 4th to 6th June 2021,5 - Trust completely,2,-,2,-,1,1,-,-,1,1,-,-,-,-,-,-,-,-,-,-,-,-,-,2,-,,,,,,,,,,,,,,,,,,,,,,,,,,,,,,,,,,,,,,,,,,,,
Table 68,Q5. Trust in the sources for information/news about Coronavirus used in last week: Direct from Northern Ireland Government website/email/text/post,ONLINE Fieldwork: 4th to 6th June 2021,4,5,3,3,-,2,-,2,2,2,1,3,-,-,-,-,-,-,-,-,-,-,-,-,5,-,,,,,,,,,,,,,,,,,,,,,,,,,,,,,,,,,,,,,,,,,,,,
Table 68,Q5. Trust in the sources for information/news about Coronavirus used in last week: Direct from Northern Ireland Government website/email/text/post,ONLINE Fieldwork: 4th to 6th June 2021,3,1,-,1,-,1,-,-,-,-,1,-,-,-,-,-,-,-,-,-,-,-,-,-,1,-,,,,,,,,,,,,,,,,,,,,,,,,,,,,,,,,,,,,,,,,,,,,
Table 68,Q5. Trust in the sources for information/news about Coronavirus used in last week: Direct from Northern Ireland Government website/email/text/post,ONLINE Fieldwork: 4th to 6th June 2021,2,-,-,-,-,-,-,-,-,-,-,-,-,-,-,-,-,-,-,-,-,-,-,-,-,-,,,,,,,,,,,,,,,,,,,,,,,,,,,,,,,,,,,,,,,,,,,,
Table 68,Q5. Trust in the sources for information/news about Coronavirus used in last week: Direct from Northern Ireland Government website/email/text/post,ONLINE Fieldwork: 4th to 6th June 2021,1 - Do not trust at all,-,-,-,-,-,-,-,-,-,-,-,-,-,-,-,-,-,-,-,-,-,-,-,-,-,,,,,,,,,,,,,,,,,,,,,,,,,,,,,,,,,,,,,,,,,,,,
Table 68,Q5. Trust in the sources for information/news about Coronavirus used in last week: Direct from Northern Ireland Government website/email/text/post,ONLINE Fieldwork: 4th to 6th June 2021,NET: Do not trust,-,-,-,-,-,-,-,-,-,-,-,-,-,-,-,-,-,-,-,-,-,-,-,-,-,,,,,,,,,,,,,,,,,,,,,,,,,,,,,,,,,,,,,,,,,,,,
Table 68,Q5. Trust in the sources for information/news about Coronavirus used in last week: Direct from Northern Ireland Government website/email/text/post,ONLINE Fieldwork: 4th to 6th June 2021,Mean,4.18,4,4.28,-,4.09,5,4,4,4.34,4.24,4,-,-,-,-,-,-,-,-,-,-,-,-,4.18,-,,,,,,,,,,,,,,,,,,,,,,,,,,,,,,,,,,,,,,,,,,,,
Table 68,Q5. Trust in the sources for information/news about Coronavirus used in last week: Direct from Northern Ireland Government website/email/text/post,ONLINE Fieldwork: 4th to 6th June 2021,Standard deviation Standard error,0.59,0,0.73,-,0.82,-,-,-,0.61,1.1,0,-,-,-,-,-,-,-,-,-,-,-,-,0.59,-,,,,,,,,,,,,,,,,,,,,,,,,,,,,,,,,,,,,,,,,,,,,
Table 67,Q5. Trust in the sources for information/news about Coronavirus used in last week: Direct from Northern Ireland Government website/email/text/post,ONLINE Fieldwork: 4th to 6th December 2020,Unweighted base,14,7,7,4,2,3,2,3,5,4,3,2,-,-,-,-,-,-,-,-,-,-,-,14,-,,,,,,,,,,,,,,,,,,,,,,,,,,,,,,,,,,,,,,,,,,-,-,-
Table 67,Q5. Trust in the sources for information/news about Coronavirus used in last week: Direct from Northern Ireland Government website/email/text/post,ONLINE Fieldwork: 4th to 6th December 2020,Weighted base,11**,5**,6**,3**,2**,2**,2**,2**,3**,3**,3**,1**,-**,-**,-**,-**,-**,-**,-**,-**,-**,-**,-**,11**,-**,,,,,,,,,,,,,,,,,,,,,,,,,,,,,,,,,,,,,,,,,,-**,-**,-**
Table 67,Q5. Trust in the sources for information/news about Coronavirus used in last week: Direct from Northern Ireland Government website/email/text/post,ONLINE Fieldwork: 4th to 6th December 2020,NET: Trust,9,5,5,2,2,2,1,1,2,3,3,1,-,-,-,-,-,-,-,-,-,-,-,9,-,,,,,,,,,,,,,,,,,,,,,,,,,,,,,,,,,,,,,,,,,,-,-,-
Table 67,Q5. Trust in the sources for information/news about Coronavirus used in last week: Direct from Northern Ireland Government website/email/text/post,ONLINE Fieldwork: 4th to 6th December 2020,5 - Trust completely,3,1,3,1,1,1,-,1,-,2,1,1,-,-,-,-,-,-,-,-,-,-,-,3,-,,,,,,,,,,,,,,,,,,,,,,,,,,,,,,,,,,,,,,,,,,-,-,-
Table 67,Q5. Trust in the sources for information/news about Coronavirus used in last week: Direct from Northern Ireland Government website/email/text/post,ONLINE Fieldwork: 4th to 6th December 2020,4,6,4,2,1,1,1,1,1,2,1,2,1,-,-,-,-,-,-,-,-,-,-,-,6,-,,,,,,,,,,,,,,,,,,,,,,,,,,,,,,,,,,,,,,,,,,-,-,-
Table 67,Q5. Trust in the sources for information/news about Coronavirus used in last week: Direct from Northern Ireland Government website/email/text/post,ONLINE Fieldwork: 4th to 6th December 2020,3,1,-,1,-,-,-,1,1,1,-,-,-,-,-,-,-,-,-,-,-,-,-,-,1,-,,,,,,,,,,,,,,,,,,,,,,,,,,,,,,,,,,,,,,,,,,-,-,-
Table 67,Q5. Trust in the sources for information/news about Coronavirus used in last week: Direct from Northern Ireland Government website/email/text/post,ONLINE Fieldwork: 4th to 6th December 2020,2,*,*,-,*,-,-,-,-,*,-,-,-,-,-,-,-,-,-,-,-,-,-,-,*,-,,,,,,,,,,,,,,,,,,,,,,,,,,,,,,,,,,,,,,,,,,-,-,-
Table 67,Q5. Trust in the sources for information/news about Coronavirus used in last week: Direct from Northern Ireland Government website/email/text/post,ONLINE Fieldwork: 4th to 6th December 2020,1 - Do not trust at all,-,-,-,-,-,-,-,-,-,-,-,-,-,-,-,-,-,-,-,-,-,-,-,-,-,,,,,,,,,,,,,,,,,,,,,,,,,,,,,,,,,,,,,,,,,,-,-,-
Table 67,Q5. Trust in the sources for information/news about Coronavirus used in last week: Direct from Northern Ireland Government website/email/text/post,ONLINE Fieldwork: 4th to 6th December 2020,NET: Do not trust,*,*,-,*,-,-,-,-,*,-,-,-,-,-,-,-,-,-,-,-,-,-,-,*,-,,,,,,,,,,,,,,,,,,,,,,,,,,,,,,,,,,,,,,,,,,-,-,-
Table 67,Q5. Trust in the sources for information/news about Coronavirus used in last week: Direct from Northern Ireland Government website/email/text/post,ONLINE Fieldwork: 4th to 6th December 2020,Mean,4.12,3.98,4.23,4.04,4.48,4.36,3.59,4.02,3.37,4.62,4.28,4.4,-,-,-,-,-,-,-,-,-,-,-,4.12,-,,,,,,,,,,,,,,,,,,,,,,,,,,,,,,,,,,,,,,,,,,-,-,-
Table 67,Q5. Trust in the sources for information/news about Coronavirus used in last week: Direct from Northern Ireland Government website/email/text/post,ONLINE Fieldwork: 4th to 6th December 2020,Standard deviation Standard error,0.8,0.79,0.85,1.22,0.66,0.65,-,-,0.83,0.58,0.56,-,-,-,-,-,-,-,-,-,-,-,-,0.8,-,,,,,,,,,,,,,,,,,,,,,,,,,,,,,,,,,,,,,,,,,,-,-,-
Table 64,Q5. Trust in the sources for information/news about Coronavirus used in last week: Direct from Northern Ireland Government website/email/text/post,ONLINE Fieldwork: 19th to 21st June 2020,Unweighted base,16,5,11,1,4,6,4,1,5,7,2,2,,,,,,,,,,,,,,,,,,,,,,,,,,,,,,,,,,,,,,,,,,,,,,,,,,,,,,,,,
Table 64,Q5. Trust in the sources for information/news about Coronavirus used in last week: Direct from Northern Ireland Government website/email/text/post,ONLINE Fieldwork: 19th to 21st June 2020,Weighted base,13**,4**,9**,***,3**,6**,2**,1**,4**,5**,3**,1**,,,,,,,,,,,,,,,,,,,,,,,,,,,,,,,,,,,,,,,,,,,,,,,,,,,,,,,,,
Table 64,Q5. Trust in the sources for information/news about Coronavirus used in last week: Direct from Northern Ireland Government website/email/text/post,ONLINE Fieldwork: 19th to 21st June 2020,NET: Trust,8,2,6,*,2,4,1,-,2,2,3,1,,,,,,,,,,,,,,,,,,,,,,,,,,,,,,,,,,,,,,,,,,,,,,,,,,,,,,,,,
Table 64,Q5. Trust in the sources for information/news about Coronavirus used in last week: Direct from Northern Ireland Government website/email/text/post,ONLINE Fieldwork: 19th to 21st June 2020,5 - Trust completely,3,1,2,-,1,2,1,-,1,-,1,1,,,,,,,,,,,,,,,,,,,,,,,,,,,,,,,,,,,,,,,,,,,,,,,,,,,,,,,,,
Table 64,Q5. Trust in the sources for information/news about Coronavirus used in last week: Direct from Northern Ireland Government website/email/text/post,ONLINE Fieldwork: 19th to 21st June 2020,4,5,1,4,*,2,3,1,-,2,2,2,-,,,,,,,,,,,,,,,,,,,,,,,,,,,,,,,,,,,,,,,,,,,,,,,,,,,,,,,,,
Table 64,Q5. Trust in the sources for information/news about Coronavirus used in last week: Direct from Northern Ireland Government website/email/text/post,ONLINE Fieldwork: 19th to 21st June 2020,3,5,2,3,-,1,2,1,1,2,3,-,-,,,,,,,,,,,,,,,,,,,,,,,,,,,,,,,,,,,,,,,,,,,,,,,,,,,,,,,,,
Table 64,Q5. Trust in the sources for information/news about Coronavirus used in last week: Direct from Northern Ireland Government website/email/text/post,ONLINE Fieldwork: 19th to 21st June 2020,2,-,-,-,-,-,-,-,-,-,-,-,-,,,,,,,,,,,,,,,,,,,,,,,,,,,,,,,,,,,,,,,,,,,,,,,,,,,,,,,,,
Table 64,Q5. Trust in the sources for information/news about Coronavirus used in last week: Direct from Northern Ireland Government website/email/text/post,ONLINE Fieldwork: 19th to 21st June 2020,1 - Do not trust at all,-,-,-,-,-,-,-,-,-,-,-,-,,,,,,,,,,,,,,,,,,,,,,,,,,,,,,,,,,,,,,,,,,,,,,,,,,,,,,,,,
Table 64,Q5. Trust in the sources for information/news about Coronavirus used in last week: Direct from Northern Ireland Government website/email/text/post,ONLINE Fieldwork: 19th to 21st June 2020,NET: Do not trust,-,-,-,-,-,-,-,-,-,-,-,-,,,,,,,,,,,,,,,,,,,,,,,,,,,,,,,,,,,,,,,,,,,,,,,,,,,,,,,,,
Table 64,Q5. Trust in the sources for information/news about Coronavirus used in last week: Direct from Northern Ireland Government website/email/text/post,ONLINE Fieldwork: 19th to 21st June 2020,Mean,3.86,3.74,3.92,4,3.93,3.95,4,3,3.77,3.39,4.32,5,,,,,,,,,,,,,,,,,,,,,,,,,,,,,,,,,,,,,,,,,,,,,,,,,,,,,,,,,
Table 64,Q5. Trust in the sources for information/news about Coronavirus used in last week: Direct from Northern Ireland Government website/email/text/post,ONLINE Fieldwork: 19th to 21st June 2020,Standard deviation Standard error,0.79,0.91,0.78,-,0.87,0.82,-,-,0.86,0.55,0.6,-,,,,,,,,,,,,,,,,,,,,,,,,,,,,,,,,,,,,,,,,,,,,,,,,,,,,,,,,,
Table 68,Q5. Trust in the sources for information/news about Coronavirus used in last week: Direct from Northern Ireland Government website/email/text/post,ONLINE Fieldwork: 15th to 17th January 2021,Unweighted base,16,11,5,2,7,2,3,2,6,7,-,3,-,-,-,-,-,-,-,-,-,-,-,16,-,,,,,,,,,,,,,,,,,,,,,,,,,,,,,,,,,,,,,,,,,,,,
Table 68,Q5. Trust in the sources for information/news about Coronavirus used in last week: Direct from Northern Ireland Government website/email/text/post,ONLINE Fieldwork: 15th to 17th January 2021,Weighted base,19**,14**,5**,3**,8**,3**,3**,2**,7**,8**,-**,4**,-**,-**,-**,-**,-**,-**,-**,-**,-**,-**,-**,19**,-**,,,,,,,,,,,,,,,,,,,,,,,,,,,,,,,,,,,,,,,,,,,,
Table 68,Q5. Trust in the sources for information/news about Coronavirus used in last week: Direct from Northern Ireland Government website/email/text/post,ONLINE Fieldwork: 15th to 17th January 2021,NET: Trust,14,10,4,-,8,3,1,2,5,6,-,2,-,-,-,-,-,-,-,-,-,-,-,14,-,,,,,,,,,,,,,,,,,,,,,,,,,,,,,,,,,,,,,,,,,,,,
Table 68,Q5. Trust in the sources for information/news about Coronavirus used in last week: Direct from Northern Ireland Government website/email/text/post,ONLINE Fieldwork: 15th to 17th January 2021,5 - Trust completely,6,3,3,-,3,3,-,1,3,1,-,2,-,-,-,-,-,-,-,-,-,-,-,6,-,,,,,,,,,,,,,,,,,,,,,,,,,,,,,,,,,,,,,,,,,,,,
Table 68,Q5. Trust in the sources for information/news about Coronavirus used in last week: Direct from Northern Ireland Government website/email/text/post,ONLINE Fieldwork: 15th to 17th January 2021,4,7,6,1,-,4,-,1,1,3,4,-,-,-,-,-,-,-,-,-,-,-,-,-,7,-,,,,,,,,,,,,,,,,,,,,,,,,,,,,,,,,,,,,,,,,,,,,
Table 68,Q5. Trust in the sources for information/news about Coronavirus used in last week: Direct from Northern Ireland Government website/email/text/post,ONLINE Fieldwork: 15th to 17th January 2021,3,4,3,1,2,1,-,2,-,1,2,-,1,-,-,-,-,-,-,-,-,-,-,-,4,-,,,,,,,,,,,,,,,,,,,,,,,,,,,,,,,,,,,,,,,,,,,,
Table 68,Q5. Trust in the sources for information/news about Coronavirus used in last week: Direct from Northern Ireland Government website/email/text/post,ONLINE Fieldwork: 15th to 17th January 2021,2,1,1,-,1,-,-,-,-,1,-,-,-,-,-,-,-,-,-,-,-,-,-,-,1,-,,,,,,,,,,,,,,,,,,,,,,,,,,,,,,,,,,,,,,,,,,,,
Table 68,Q5. Trust in the sources for information/news about Coronavirus used in last week: Direct from Northern Ireland Government website/email/text/post,ONLINE Fieldwork: 15th to 17th January 2021,1 - Do not trust at all,-,-,-,-,-,-,-,-,-,-,-,-,-,-,-,-,-,-,-,-,-,-,-,-,-,,,,,,,,,,,,,,,,,,,,,,,,,,,,,,,,,,,,,,,,,,,,
Table 68,Q5. Trust in the sources for information/news about Coronavirus used in last week: Direct from Northern Ireland Government website/email/text/post,ONLINE Fieldwork: 15th to 17th January 2021,NET: Do not trust,1,1,-,1,-,-,-,-,1,-,-,-,-,-,-,-,-,-,-,-,-,-,-,1,-,,,,,,,,,,,,,,,,,,,,,,,,,,,,,,,,,,,,,,,,,,,,
Table 68,Q5. Trust in the sources for information/news about Coronavirus used in last week: Direct from Northern Ireland Government website/email/text/post,ONLINE Fieldwork: 15th to 17th January 2021,Mean,4.01,3.86,4.4,2.6,4.33,5,3.43,4.33,3.96,3.91,-,4.33,-,-,-,-,-,-,-,-,-,-,-,4.01,-,,,,,,,,,,,,,,,,,,,,,,,,,,,,,,,,,,,,,,,,,,,,
Table 68,Q5. Trust in the sources for information/news about Coronavirus used in last week: Direct from Northern Ireland Government website/email/text/post,ONLINE Fieldwork: 15th to 17th January 2021,Standard deviation Standard error,0.92,0.9,0.94,0.62,0.64,0,0.59,-,1.12,0.71,-,1.11,-,-,-,-,-,-,-,-,-,-,-,0.92,-,,,,,,,,,,,,,,,,,,,,,,,,,,,,,,,,,,,,,,,,,,,,
Table 68,Q5. Trust in the sources for information/news about Coronavirus used in last week: Direct from Northern Ireland Government website/email/text/post,ONLINE Fieldwork: 12th to 14th February 2021,Unweighted base,11,6,5,2,2,2,2,3,6,3,2,-,-,-,-,-,-,-,-,-,-,-,-,11,-,,,,,,,,,,,,,,,,,,,,,,,,,,,,,,,,,,,,,,,,,,,,
Table 68,Q5. Trust in the sources for information/news about Coronavirus used in last week: Direct from Northern Ireland Government website/email/text/post,ONLINE Fieldwork: 12th to 14th February 2021,Weighted base,10**,7**,3**,3**,1**,2**,2**,2**,5**,3**,2**,-**,-**,-**,-**,-**,-**,-**,-**,-**,-**,-**,-**,10**,-**,,,,,,,,,,,,,,,,,,,,,,,,,,,,,,,,,,,,,,,,,,,,
Table 68,Q5. Trust in the sources for information/news about Coronavirus used in last week: Direct from Northern Ireland Government website/email/text/post,ONLINE Fieldwork: 12th to 14th February 2021,NET: Trust,9,7,3,3,1,2,2,2,5,2,2,-,-,-,-,-,-,-,-,-,-,-,-,9,-,,,,,,,,,,,,,,,,,,,,,,,,,,,,,,,,,,,,,,,,,,,,
Table 68,Q5. Trust in the sources for information/news about Coronavirus used in last week: Direct from Northern Ireland Government website/email/text/post,ONLINE Fieldwork: 12th to 14th February 2021,5 - Trust completely,3,*,2,1,1,-,*,*,1,*,1,-,-,-,-,-,-,-,-,-,-,-,-,3,-,,,,,,,,,,,,,,,,,,,,,,,,,,,,,,,,,,,,,,,,,,,,
Table 68,Q5. Trust in the sources for information/news about Coronavirus used in last week: Direct from Northern Ireland Government website/email/text/post,ONLINE Fieldwork: 12th to 14th February 2021,4,7,6,1,2,-,2,1,1,4,2,1,-,-,-,-,-,-,-,-,-,-,-,-,7,-,,,,,,,,,,,,,,,,,,,,,,,,,,,,,,,,,,,,,,,,,,,,
Table 68,Q5. Trust in the sources for information/news about Coronavirus used in last week: Direct from Northern Ireland Government website/email/text/post,ONLINE Fieldwork: 12th to 14th February 2021,3,1,-,1,-,1,-,-,-,-,1,-,-,-,-,-,-,-,-,-,-,-,-,-,1,-,,,,,,,,,,,,,,,,,,,,,,,,,,,,,,,,,,,,,,,,,,,,
Table 68,Q5. Trust in the sources for information/news about Coronavirus used in last week: Direct from Northern Ireland Government website/email/text/post,ONLINE Fieldwork: 12th to 14th February 2021,2,-,-,-,-,-,-,-,-,-,-,-,-,-,-,-,-,-,-,-,-,-,-,-,-,-,,,,,,,,,,,,,,,,,,,,,,,,,,,,,,,,,,,,,,,,,,,,
Table 68,Q5. Trust in the sources for information/news about Coronavirus used in last week: Direct from Northern Ireland Government website/email/text/post,ONLINE Fieldwork: 12th to 14th February 2021,1 - Do not trust at all,-,-,-,-,-,-,-,-,-,-,-,-,-,-,-,-,-,-,-,-,-,-,-,-,-,,,,,,,,,,,,,,,,,,,,,,,,,,,,,,,,,,,,,,,,,,,,
Table 68,Q5. Trust in the sources for information/news about Coronavirus used in last week: Direct from Northern Ireland Government website/email/text/post,ONLINE Fieldwork: 12th to 14th February 2021,NET: Do not trust,-,-,-,-,-,-,-,-,-,-,-,-,-,-,-,-,-,-,-,-,-,-,-,-,-,,,,,,,,,,,,,,,,,,,,,,,,,,,,,,,,,,,,,,,,,,,,
Table 68,Q5. Trust in the sources for information/news about Coronavirus used in last week: Direct from Northern Ireland Government website/email/text/post,ONLINE Fieldwork: 12th to 14th February 2021,Mean,4.2,4.07,4.48,4.35,4.04,4,4.28,4.2,4.21,3.93,4.68,-,-,-,-,-,-,-,-,-,-,-,-,4.2,-,,,,,,,,,,,,,,,,,,,,,,,,,,,,,,,,,,,,,,,,,,,,
Table 68,Q5. Trust in the sources for information/news about Coronavirus used in last week: Direct from Northern Ireland Government website/email/text/post,ONLINE Fieldwork: 12th to 14th February 2021,Standard deviation Standard error,0.55,0.28,0.94,0.58,-,0,-,-,0.45,0.68,-,-,-,-,-,-,-,-,-,-,-,-,-,0.55,-,,,,,,,,,,,,,,,,,,,,,,,,,,,,,,,,,,,,,,,,,,,,
Table 66,Q5. Trust in the sources for information/news about Coronavirus used in last week: Direct from Northern Ireland Government website/email/text/post,ONLINE Fieldwork: 7th to 9th August 2020,Unweighted base,14,3,11,1,2,3,6,2,8,2,1,3,,,,,,,,,,,,,,,,,,,,,,,,,,,,,,,,,,,,,,,,,,,,,,,,,,,,,,,,,
Table 66,Q5. Trust in the sources for information/news about Coronavirus used in last week: Direct from Northern Ireland Government website/email/text/post,ONLINE Fieldwork: 7th to 9th August 2020,Weighted base,13**,4**,9**,1**,2**,3**,6**,2**,6**,2**,1**,4**,,,,,,,,,,,,,,,,,,,,,,,,,,,,,,,,,,,,,,,,,,,,,,,,,,,,,,,,,
Table 66,Q5. Trust in the sources for information/news about Coronavirus used in last week: Direct from Northern Ireland Government website/email/text/post,ONLINE Fieldwork: 7th to 9th August 2020,NET: Trust,12,4,8,1,2,3,5,2,6,2,1,4,,,,,,,,,,,,,,,,,,,,,,,,,,,,,,,,,,,,,,,,,,,,,,,,,,,,,,,,,
Table 66,Q5. Trust in the sources for information/news about Coronavirus used in last week: Direct from Northern Ireland Government website/email/text/post,ONLINE Fieldwork: 7th to 9th August 2020,5 - Trust completely,3,-,3,-,-,2,1,-,1,1,1,-,,,,,,,,,,,,,,,,,,,,,,,,,,,,,,,,,,,,,,,,,,,,,,,,,,,,,,,,,
Table 66,Q5. Trust in the sources for information/news about Coronavirus used in last week: Direct from Northern Ireland Government website/email/text/post,ONLINE Fieldwork: 7th to 9th August 2020,4,9,4,5,1,2,1,4,2,4,1,-,4,,,,,,,,,,,,,,,,,,,,,,,,,,,,,,,,,,,,,,,,,,,,,,,,,,,,,,,,,
Table 66,Q5. Trust in the sources for information/news about Coronavirus used in last week: Direct from Northern Ireland Government website/email/text/post,ONLINE Fieldwork: 7th to 9th August 2020,3,1,-,1,-,-,-,1,-,1,-,-,-,,,,,,,,,,,,,,,,,,,,,,,,,,,,,,,,,,,,,,,,,,,,,,,,,,,,,,,,,
Table 66,Q5. Trust in the sources for information/news about Coronavirus used in last week: Direct from Northern Ireland Government website/email/text/post,ONLINE Fieldwork: 7th to 9th August 2020,2,-,-,-,-,-,-,-,-,-,-,-,-,,,,,,,,,,,,,,,,,,,,,,,,,,,,,,,,,,,,,,,,,,,,,,,,,,,,,,,,,
Table 66,Q5. Trust in the sources for information/news about Coronavirus used in last week: Direct from Northern Ireland Government website/email/text/post,ONLINE Fieldwork: 7th to 9th August 2020,1 - Do not trust at all,-,-,-,-,-,-,-,-,-,-,-,-,,,,,,,,,,,,,,,,,,,,,,,,,,,,,,,,,,,,,,,,,,,,,,,,,,,,,,,,,
Table 66,Q5. Trust in the sources for information/news about Coronavirus used in last week: Direct from Northern Ireland Government website/email/text/post,ONLINE Fieldwork: 7th to 9th August 2020,NET: Do not trust,-,-,-,-,-,-,-,-,-,-,-,-,,,,,,,,,,,,,,,,,,,,,,,,,,,,,,,,,,,,,,,,,,,,,,,,,,,,,,,,,
Table 66,Q5. Trust in the sources for information/news about Coronavirus used in last week: Direct from Northern Ireland Government website/email/text/post,ONLINE Fieldwork: 7th to 9th August 2020,Mean,4.15,4,4.22,4,4,4.54,4.06,4,4.07,4.29,5,4,,,,,,,,,,,,,,,,,,,,,,,,,,,,,,,,,,,,,,,,,,,,,,,,,,,,,,,,,
Table 66,Q5. Trust in the sources for information/news about Coronavirus used in last week: Direct from Northern Ireland Government website/email/text/post,ONLINE Fieldwork: 7th to 9th August 2020,Standard deviation Standard error,0.52,0,0.63,-,-,0.61,0.63,-,0.6,-,-,0,,,,,,,,,,,,,,,,,,,,,,,,,,,,,,,,,,,,,,,,,,,,,,,,,,,,,,,,,
Table 67,Q5. Trust in the sources for information/news about Coronavirus used in last week: Direct from Northern Ireland Government website/email/text/post,ONLINE Fieldwork: 9th to 11th October 2020,Unweighted base,20,8,12,2,5,5,3,5,3,10,2,5,-,-,-,-,-,-,-,-,-,-,-,20,-,,,,,,,,,,,,,,,,,,,,,,,,,,,,,,,,,,,,,,,,,,,,
Table 67,Q5. Trust in the sources for information/news about Coronavirus used in last week: Direct from Northern Ireland Government website/email/text/post,ONLINE Fieldwork: 9th to 11th October 2020,Weighted base,19**,8**,11**,2**,5**,5**,3**,4**,4**,9**,2**,5**,-**,-**,-**,-**,-**,-**,-**,-**,-**,-**,-**,19**,-**,,,,,,,,,,,,,,,,,,,,,,,,,,,,,,,,,,,,,,,,,,,,
Table 67,Q5. Trust in the sources for information/news about Coronavirus used in last week: Direct from Northern Ireland Government website/email/text/post,ONLINE Fieldwork: 9th to 11th October 2020,NET: Trust,15,7,7,-,5,4,2,3,4,5,2,4,-,-,-,-,-,-,-,-,-,-,-,15,-,,,,,,,,,,,,,,,,,,,,,,,,,,,,,,,,,,,,,,,,,,,,
Table 67,Q5. Trust in the sources for information/news about Coronavirus used in last week: Direct from Northern Ireland Government website/email/text/post,ONLINE Fieldwork: 9th to 11th October 2020,5 - Trust completely,11,6,5,-,4,4,1,3,2,5,2,2,-,-,-,-,-,-,-,-,-,-,-,11,-,,,,,,,,,,,,,,,,,,,,,,,,,,,,,,,,,,,,,,,,,,,,
Table 67,Q5. Trust in the sources for information/news about Coronavirus used in last week: Direct from Northern Ireland Government website/email/text/post,ONLINE Fieldwork: 9th to 11th October 2020,4,3,1,2,-,1,-,1,1,1,-,-,2,-,-,-,-,-,-,-,-,-,-,-,3,-,,,,,,,,,,,,,,,,,,,,,,,,,,,,,,,,,,,,,,,,,,,,
Table 67,Q5. Trust in the sources for information/news about Coronavirus used in last week: Direct from Northern Ireland Government website/email/text/post,ONLINE Fieldwork: 9th to 11th October 2020,3,3,-,3,2,1,-,-,*,-,2,-,1,-,-,-,-,-,-,-,-,-,-,-,3,-,,,,,,,,,,,,,,,,,,,,,,,,,,,,,,,,,,,,,,,,,,,,
Table 67,Q5. Trust in the sources for information/news about Coronavirus used in last week: Direct from Northern Ireland Government website/email/text/post,ONLINE Fieldwork: 9th to 11th October 2020,2,2,1,1,-,-,1,1,-,-,2,-,-,-,-,-,-,-,-,-,-,-,-,-,2,-,,,,,,,,,,,,,,,,,,,,,,,,,,,,,,,,,,,,,,,,,,,,
Table 67,Q5. Trust in the sources for information/news about Coronavirus used in last week: Direct from Northern Ireland Government website/email/text/post,ONLINE Fieldwork: 9th to 11th October 2020,1 - Do not trust at all,-,-,-,-,-,-,-,-,-,-,-,-,-,-,-,-,-,-,-,-,-,-,-,-,-,,,,,,,,,,,,,,,,,,,,,,,,,,,,,,,,,,,,,,,,,,,,
Table 67,Q5. Trust in the sources for information/news about Coronavirus used in last week: Direct from Northern Ireland Government website/email/text/post,ONLINE Fieldwork: 9th to 11th October 2020,NET: Do not trust,2,1,1,-,-,1,1,-,-,2,-,-,-,-,-,-,-,-,-,-,-,-,-,2,-,,,,,,,,,,,,,,,,,,,,,,,,,,,,,,,,,,,,,,,,,,,,
Table 67,Q5. Trust in the sources for information/news about Coronavirus used in last week: Direct from Northern Ireland Government website/email/text/post,ONLINE Fieldwork: 9th to 11th October 2020,Mean,4.23,4.5,4.04,3,4.52,4.46,3.66,4.56,4.65,3.96,5,4.1,-,-,-,-,-,-,-,-,-,-,-,4.23,-,,,,,,,,,,,,,,,,,,,,,,,,,,,,,,,,,,,,,,,,,,,,
Table 67,Q5. Trust in the sources for information/news about Coronavirus used in last week: Direct from Northern Ireland Government website/email/text/post,ONLINE Fieldwork: 9th to 11th October 2020,Standard deviation Standard error,1.06,1.03,1.09,-,0.79,1.29,1.45,0.81,0.56,1.36,0,0.87,-,-,-,-,-,-,-,-,-,-,-,1.06,-,,,,,,,,,,,,,,,,,,,,,,,,,,,,,,,,,,,,,,,,,,,,
