date,confirmed,deaths,recovered,confirmed_diff,deaths_diff,recovered_diff,active,active_diff,fatality_rate
2020-06-11,191103,41279,0,0,0,0,149824,0,0.6007
2020-06-12,191615,41481,0,512,202,0,150134,310,0.6013999999999999
2020-06-13,192056,41662,0,441,181,0,150394,260,0.602
2020-06-14,192419,41698,0,363,36,0,150721,327,0.6022000000000001
2020-06-15,192636,41736,0,217,38,0,150900,179,0.6025
2020-06-16,192965,41969,0,329,233,0,150996,96,0.6036
2020-06-17,193293,42153,0,328,184,0,151140,144,0.6047
2020-06-18,193629,42288,0,336,135,0,151341,201,0.6058
2020-06-19,194010,42461,0,381,173,0,151549,208,0.6062000000000001
2020-06-20,194374,42589,0,364,128,0,151785,236,0.6068
2020-06-21,194710,42632,0,336,43,0,152078,293,0.6062
2020-06-22,194970,42647,0,260,15,0,152323,245,0.6056
2020-06-23,195288,42927,0,318,280,0,152361,38,0.6066
2020-06-24,195451,43081,0,163,154,0,152370,9,0.6078
2020-06-25,195838,43230,0,387,149,0,152608,238,0.6083000000000001
2020-06-26,196172,43414,0,334,184,0,152758,150,0.6087
2020-06-27,196418,43514,0,246,100,0,152904,146,0.6091
2020-06-28,196587,43550,0,169,36,0,153037,133,0.6092000000000001
2020-06-29,196806,43575,0,219,25,0,153231,194,0.6089
2020-06-30,197032,43730,0,226,155,0,153302,71,0.6097
2020-07-01,197246,43906,0,214,176,0,153340,38,0.6108
2020-07-03,284276,44131,0,519,136,0,240145,383,0.4904
2020-07-04,284900,44198,0,624,67,0,240702,557,0.4906
2020-07-05,285416,44220,0,516,22,0,241196,494,0.4902
2020-07-06,285768,44236,0,352,16,0,241532,336,0.4899
2020-07-07,286349,44391,0,581,155,0,241958,426,0.49019999999999997
2020-07-08,286979,44517,0,630,126,0,242462,504,0.4904
2020-07-10,288133,44650,0,3850,48,0,243483,3802,0.4899
2020-07-11,288953,44798,0,820,148,0,244155,672,0.49
2020-07-12,289603,44809,0,650,11,0,244794,639,0.48760000000000003
2020-07-13,290133,44830,0,530,21,0,245303,509,0.4888
2020-07-14,291373,44968,0,1240,138,0,246405,1102,0.4845
2020-07-15,291911,45053,0,538,85,0,246858,453,0.4844
2020-07-16,292552,45119,0,641,66,0,247433,575,0.4838
2020-07-17,293239,45233,0,687,114,0,248006,573,0.4834
2020-07-18,294066,45273,0,827,40,0,248793,787,0.4828
2020-07-19,294792,45300,0,726,27,0,249492,699,0.4823
2020-07-20,295372,45312,0,580,12,0,250060,568,0.4814
2020-07-21,295817,45422,0,445,110,0,250395,335,0.4813
2020-07-22,296377,45501,0,560,79,0,250876,481,0.48109999999999997
2020-07-23,297146,45554,0,769,53,0,251592,716,0.4803
2020-07-24,297914,45677,0,768,123,0,252237,645,0.4798
2020-07-25,298681,45738,0,767,61,0,252943,706,0.47919999999999996
2020-07-26,299426,45752,0,745,14,0,253674,731,0.4788
2020-07-27,300111,45759,0,685,7,0,254352,678,0.4778
2020-07-28,300658,45878,0,547,119,0,254780,428,0.4779
2020-07-29,301455,45961,0,797,83,0,255494,714,0.4773
2020-07-30,302301,45999,0,846,38,0,256302,808,0.4766
2020-07-31,303181,46119,0,880,120,0,257062,760,0.4764
2020-08-01,303942,46193,0,761,74,0,257749,687,0.4762
2020-08-02,304685,46201,0,743,8,0,258484,735,0.47559999999999997
2020-08-03,305623,46210,0,938,9,0,259413,929,0.4743
2020-08-04,305623,46210,0,0,0,0,259413,0,0.4743
2020-08-05,305623,46210,0,0,0,0,259413,0,0.4743
2020-08-06,308134,46413,0,2511,203,0,261721,2308,0.4716
2020-08-07,309005,46511,0,871,98,0,262494,773,0.4714
2020-08-08,309763,46566,0,758,55,0,263197,703,0.4707
2020-08-09,310825,46574,0,1062,8,0,264251,1054,0.4696
2020-08-10,311641,46526,0,816,-48,0,265115,864,0.46769999999999995
2020-08-11,311641,46526,0,0,0,0,265115,0,0.46769999999999995
2020-08-12,313798,46706,0,2157,180,0,267092,1977,0.4658
2020-08-13,313798,46706,0,0,0,0,267092,0,0.4658
2020-08-14,313798,46706,0,0,0,0,267092,0,0.4658
2020-08-15,317379,46706,0,3581,0,0,270673,3581,0.4613
2020-08-16,318484,46706,0,1105,0,0,271778,1105,0.4593
2020-08-17,319197,41369,0,713,-5337,0,277828,6050,0.4391
2020-08-18,320286,41381,0,1089,12,0,278905,1077,0.4378
2020-08-19,321098,41397,0,812,16,0,279701,796,0.4367
2020-08-20,322280,41403,0,1182,6,0,280877,1176,0.435
2020-08-21,323313,41405,0,1033,2,0,281908,1031,0.4336
2020-08-22,324601,41423,0,1288,18,0,283178,1270,0.43129999999999996
2020-08-23,325642,41429,0,1041,6,0,284213,1035,0.4304
2020-08-24,326614,41433,0,972,4,0,285181,968,0.4281
2020-08-25,327798,41449,0,1184,16,0,286349,1168,0.4265
2020-08-26,328846,41465,0,1048,16,0,287381,1032,0.425
2020-08-27,330368,41477,0,1522,12,0,288891,1510,0.4232
2020-08-28,331644,41486,0,1276,9,0,290158,1267,0.42110000000000003
2020-08-29,332752,41498,0,1108,12,0,291254,1096,0.4192
2020-08-30,334467,41499,0,1715,1,0,292968,1714,0.4168
2020-08-31,335873,41501,0,1406,2,0,294372,1404,0.4147
2020-09-01,337168,41504,0,1295,3,0,295664,1292,0.41269999999999996
2020-09-02,338676,41514,0,1508,10,0,297162,1498,0.41059999999999997
2020-09-03,340411,41527,0,1735,13,0,298884,1722,0.40850000000000003
2020-09-04,342351,41537,0,1940,10,0,300814,1930,0.4063
2020-09-05,344164,41549,0,1813,12,0,302615,1801,0.4033
2020-09-06,347152,41551,0,2988,2,0,305601,2986,0.3997
2020-09-07,350100,41554,0,2948,3,0,308546,2945,0.3961
2020-09-08,352560,41586,0,2460,32,0,310974,2428,0.3937
2020-09-09,355219,41594,0,2659,8,0,313625,2651,0.3908
2020-09-10,358138,41608,0,2919,14,0,316530,2905,0.388
2020-09-11,361677,41614,0,3539,6,0,320063,3533,0.3845
2020-09-12,365174,41623,0,3497,9,0,323551,3488,0.3807
2020-09-13,368504,41628,0,3330,5,0,326876,3325,0.3771
2020-09-14,371125,41637,0,2621,9,0,329488,2612,0.3746
2020-09-15,374228,41664,0,3103,27,0,332564,3076,0.3714
2020-09-16,378219,41684,0,3991,20,0,336535,3971,0.3675
2020-09-17,381614,41705,0,3395,21,0,339909,3374,0.3637
2020-09-18,385936,41732,0,4322,27,0,344204,4295,0.3599
2020-09-19,390358,41759,0,4422,27,0,348599,4395,0.355
2020-09-20,394257,41777,0,3899,18,0,352480,3881,0.3511
2020-09-21,398625,41788,0,4368,11,0,356837,4357,0.3475
2020-09-22,403551,41825,0,4926,37,0,361726,4889,0.3433
2020-09-23,409729,41862,0,6178,37,0,367867,6141,0.3373
2020-09-24,416363,41902,0,6634,40,0,374461,6594,0.3318
2020-09-25,423236,41936,0,6873,34,0,381300,6839,0.3257
2020-09-26,429277,41971,0,6041,35,0,387306,6006,0.3194
2020-09-27,434969,41988,0,5692,17,0,392981,5675,0.3151
2020-09-28,439013,42001,0,4044,13,0,397012,4031,0.3115
2020-09-29,446156,42072,0,7143,71,0,404084,7072,0.30510000000000004
2020-09-30,453264,42143,0,7108,71,0,411121,7037,0.2994
2020-10-01,460178,42202,0,6914,59,0,417976,6855,0.2945
2020-10-02,467146,42268,0,6968,66,0,424878,6902,0.287
2020-10-03,480017,42317,0,12871,49,0,437700,12822,0.279
2020-10-04,502978,42350,0,22961,33,0,460628,22928,0.27040000000000003
2020-10-05,515571,42369,0,12593,19,0,473202,12574,0.2635
2020-10-06,530113,42445,0,14542,76,0,487668,14466,0.2572
2020-10-07,544275,42515,0,14162,70,0,501760,14092,0.2497
2020-10-08,561815,42592,0,17540,77,0,519223,17463,0.2421
2020-10-09,575679,42679,0,13864,87,0,533000,13777,0.2348
2020-10-10,590844,42760,0,15165,81,0,548084,15084,0.22920000000000001
2020-10-11,603716,42825,0,12872,65,0,560891,12807,0.2239
2020-10-12,617688,42875,0,13972,50,0,574813,13922,0.21889999999999998
2020-10-13,634920,43018,0,17232,143,0,591902,17089,0.2135
2020-10-14,654644,43155,0,19724,137,0,611489,19587,0.2073
2020-10-15,673622,43293,0,18978,138,0,630329,18840,0.2026
2020-10-16,689257,43429,0,15635,136,0,645828,15499,0.1974
2020-10-17,705428,43579,0,16171,150,0,661849,16021,0.19340000000000002
2020-10-18,722409,43646,0,16981,67,0,678763,16914,0.1896
2020-10-19,741212,43726,0,18803,80,0,697486,18723,0.1856
2020-10-20,762542,43967,0,21330,241,0,718575,21089,0.18130000000000002
2020-10-21,789229,44158,0,26687,191,0,745071,26496,0.1768
2020-10-22,810467,44347,0,21238,189,0,766120,21049,0.1724
2020-10-23,830998,44571,0,20531,224,0,786427,20307,0.1693
2020-10-24,854010,44745,0,23012,174,0,809265,22838,0.1655
2020-10-25,873800,44896,0,19790,151,0,828904,19639,0.162
2020-10-26,894690,44998,0,20890,102,0,849692,20788,0.15889999999999999
2020-10-27,917575,45365,0,22885,367,0,872210,22518,0.1563
2020-10-28,942275,45675,0,24700,310,0,896600,24390,0.1542
2020-10-29,965340,45955,0,23065,280,0,919385,22785,0.1521
2020-10-30,989745,46229,0,24405,274,0,943516,24131,0.1495
2020-10-31,1011660,46555,0,21915,326,0,965105,21589,0.1476
2020-11-01,1034914,46717,0,23254,162,0,988197,23092,0.1455
2020-11-02,1053864,46853,0,18950,136,0,1007011,18814,0.1432
2020-11-03,1073882,47250,0,20018,397,0,1026632,19621,0.1417
2020-11-04,1099059,47742,0,25177,492,0,1051317,24685,0.14079999999999998
2020-11-05,1123197,48120,0,24138,378,0,1075077,23760,0.1398
2020-11-06,1146484,48475,0,23287,355,0,1098009,22932,0.1383
2020-11-07,1171441,48888,0,24957,413,0,1122553,24544,0.13740000000000002
2020-11-08,1192013,49044,0,20572,156,0,1142969,20416,0.136
2020-11-09,1213363,49238,0,21350,194,0,1164125,21156,0.1345
2020-11-10,1233775,49770,0,20412,532,0,1184005,19880,0.1345
2020-11-11,1256725,50365,0,22950,595,0,1206360,22355,0.1343
2020-11-12,1290195,50928,0,33470,563,0,1239267,32907,0.1338
2020-11-13,1317496,51304,0,27301,376,0,1266192,26925,0.1331
2020-11-14,1344356,51766,0,26860,462,0,1292590,26398,0.1323
2020-11-15,1369318,51934,0,24962,168,0,1317384,24794,0.1307
2020-11-16,1390681,52147,0,21363,213,0,1338534,21150,0.12969999999999998
2020-11-17,1410732,52745,0,20051,598,0,1357987,19453,0.1296
2020-11-18,1430341,53274,0,19609,529,0,1377067,19080,0.1298
2020-11-19,1453256,53775,0,22915,501,0,1399481,22414,0.1294
2020-11-20,1473508,54286,0,20252,511,0,1419222,19741,0.12919999999999998
2020-11-21,1493383,54626,0,19875,340,0,1438757,19535,0.1289
2020-11-22,1512045,55024,0,18662,398,0,1457021,18264,0.1281
2020-11-23,1527495,55230,0,15450,206,0,1472265,15244,0.1273
2020-11-24,1538794,55838,0,11299,608,0,1482956,10691,0.1277
2020-11-25,1557007,56533,0,18213,695,0,1500474,17518,0.12789999999999999
2020-11-26,1574562,57031,0,17555,498,0,1517531,17057,0.1278
2020-11-27,1589301,57551,0,14739,520,0,1531750,14219,0.1277
2020-11-28,1605172,58030,0,15871,479,0,1547142,15392,0.1275
2020-11-29,1617327,58245,0,12155,215,0,1559082,11940,0.1268
2020-11-30,1629657,58448,0,12330,203,0,1571209,12127,0.1263
2020-12-01,1643086,59051,0,13429,603,0,1584035,12826,0.1265
2020-12-02,1659256,59699,0,16170,648,0,1599557,15522,0.1266
2020-12-03,1674134,60113,0,14878,414,0,1614021,14464,0.1265
2020-12-04,1690432,60617,0,16298,504,0,1629815,15794,0.1262
2020-12-05,1705971,61014,0,15539,397,0,1644957,15142,0.12560000000000002
2020-12-06,1723242,61245,0,17271,231,0,1661997,17040,0.12480000000000001
2020-12-07,1737960,61434,0,14718,189,0,1676526,14529,0.1239
2020-12-08,1750241,62033,0,12281,599,0,1688208,11682,0.124
2020-12-09,1766819,62566,0,16578,533,0,1704253,16045,0.1237
2020-12-10,1787783,63082,0,20964,516,0,1724701,20448,0.1236
2020-12-11,1809455,63506,0,21672,424,0,1745949,21248,0.1229
2020-12-12,1830956,64026,0,21501,520,0,1766930,20981,0.12240000000000001
2020-12-13,1849403,64170,0,18447,144,0,1785233,18303,0.1217
2020-12-14,1869666,64402,0,20263,232,0,1805264,20031,0.1212
2020-12-15,1888116,64908,0,18450,506,0,1823208,17944,0.1209
2020-12-16,1913277,65520,0,25161,612,0,1847757,24549,0.12090000000000001
2020-12-17,1948660,66052,0,35383,532,0,1882608,34851,0.1183
2020-12-18,1977167,66541,0,28507,489,0,1910626,28018,0.1178
2020-12-19,2004219,67075,0,27052,534,0,1937144,26518,0.11750000000000001
2020-12-20,2040147,67401,0,35928,326,0,1972746,35602,0.11679999999999999
2020-12-21,2073511,67616,0,33364,215,0,2005895,33149,0.11530000000000001
2020-12-22,2110314,68307,0,36803,691,0,2042007,36112,0.1148
2020-12-23,2149551,69051,0,39237,744,0,2080500,38493,0.1145
2020-12-24,2188587,69625,0,39036,574,0,2118962,38462,0.1142
2020-12-25,2221312,70195,0,32725,570,0,2151117,32155,0.11349999999999999
2020-12-26,2256005,70405,0,34693,210,0,2185600,34483,0.1126
2020-12-27,2288345,70752,0,32340,347,0,2217593,31993,0.1117
2020-12-28,2329730,71109,0,41385,357,0,2258621,41028,0.1105
2020-12-29,2382865,71567,0,53135,458,0,2311298,52677,0.1096
2020-12-30,2432888,72548,0,50023,981,0,2360340,49042,0.10830000000000001
2020-12-31,2488780,73512,0,55892,964,0,2415268,54928,0.1076
2021-01-01,2542065,74125,0,53285,613,0,2467940,52672,0.1064
2021-01-02,2599789,74570,0,57724,445,0,2525219,57279,0.1049
2021-01-03,2654779,75024,0,54990,454,0,2579755,54536,0.1032
2021-01-07,2889419,78508,0,52618,1162,0,2810911,51456,0.10070000000000001
2021-01-10,3072349,81431,0,54940,563,0,2990918,54377,0.0998
2021-01-11,3118518,81960,0,46169,529,0,3036558,45640,0.0989
2021-01-12,3164051,83203,0,45533,1243,0,3080848,44290,0.0988
2021-01-13,3211576,84767,0,47525,1564,0,3126809,45961,0.09920000000000001
2021-01-14,3260258,86015,0,48682,1248,0,3174243,47434,0.0993
2021-01-15,3316019,87295,0,55761,1280,0,3228724,54481,0.0994
2021-01-16,3357361,88590,0,41342,1295,0,3268771,40047,0.0998
2021-01-17,3395959,89261,0,38598,671,0,3306698,37927,0.0996
2021-01-18,3433494,89860,0,37535,599,0,3343634,36936,0.0993
2021-01-19,3466849,91470,0,33355,1610,0,3375379,31745,0.0998
2021-01-20,3505754,93290,0,38905,1820,0,3412464,37085,0.1003
2021-01-21,3543646,94580,0,37892,1290,0,3449066,36602,0.1007
2021-01-22,3583907,95981,0,40261,1401,0,3487926,38860,0.1013
2021-01-23,3617459,97329,0,33552,1348,0,3520130,32204,0.1016
2021-01-24,3647463,97939,0,30004,610,0,3549524,29394,0.10139999999999999
2021-01-25,3669658,98531,0,22195,592,0,3571127,21603,0.1014
2021-01-26,3689746,100162,0,20088,1631,0,3589584,18457,0.1021
2021-01-27,3715054,101887,0,25308,1725,0,3613167,23583,0.103
2021-01-28,3743734,103126,0,28680,1239,0,3640608,27441,0.10350000000000001
2021-01-29,3772813,104371,0,29079,1245,0,3668442,27834,0.104
2021-01-30,3796088,105571,0,23275,1200,0,3690517,22075,0.10439999999999999
2021-01-31,3817176,106158,0,21088,587,0,3711018,20501,0.10450000000000001
2021-02-01,3835783,106564,0,18607,406,0,3729219,18201,0.1044
2021-02-02,3852623,108013,0,16840,1449,0,3744610,15391,0.1049
2021-02-03,3871825,109335,0,19202,1322,0,3762490,17880,0.10569999999999999
2021-02-04,3892459,110250,0,20634,915,0,3782209,19719,0.10600000000000001
2021-02-05,3911573,111264,0,19114,1014,0,3800309,18100,0.1064
2021-02-06,3929835,112092,0,18262,828,0,3817743,17434,0.1068
2021-02-07,3945680,112465,0,15845,373,0,3833215,15472,0.1069
2021-02-08,3959784,112798,0,14104,333,0,3846986,13771,0.1067
2021-02-09,3972148,113850,0,12364,1052,0,3858298,11312,0.1071
2021-02-10,3985161,114851,0,13013,1001,0,3870310,12012,0.1075
2021-02-11,3998655,115529,0,13494,678,0,3883126,12816,0.1078
2021-02-12,4013799,116287,0,15144,758,0,3897512,14386,0.1081
2021-02-13,4027106,116908,0,13307,621,0,3910198,12686,0.1084
2021-02-14,4038078,117166,0,10972,258,0,3920912,10714,0.1082
2021-02-15,4047843,117396,0,9765,230,0,3930447,9535,0.1081
2021-02-16,4058468,118195,0,10625,799,0,3940273,9826,0.10840000000000001
2021-02-17,4071185,118933,0,12717,738,0,3952252,11979,0.10880000000000001
2021-02-18,4083242,119387,0,12057,454,0,3963855,11603,0.10899999999999999
2021-02-19,4095269,119920,0,12027,533,0,3975349,11494,0.10899999999999999
2021-02-20,4105675,120365,0,10406,445,0,3985310,9961,0.10899999999999999
2021-02-21,4115509,120580,0,9834,215,0,3994929,9619,0.109
2021-02-22,4126150,120757,0,10641,177,0,4005393,10464,0.1089
2021-02-23,4134639,121305,0,8489,548,0,4013334,7941,0.1089
2021-02-24,4144577,121747,0,9938,442,0,4022830,9496,0.10919999999999999
2021-02-25,4154562,122070,0,9985,323,0,4032492,9662,0.10919999999999999
2021-02-26,4163085,122415,0,8523,345,0,4040670,8178,0.1094
2021-02-27,4170519,122705,0,7434,290,0,4047814,7144,0.1094
2021-02-28,4176554,122849,0,6035,144,0,4053705,5891,0.1094
2021-03-01,4182009,122953,0,5455,104,0,4059056,5351,0.10930000000000001
2021-03-02,4188400,123296,0,6391,343,0,4065104,6048,0.1094
2021-03-03,4194785,123783,0,6385,487,0,4071002,5898,0.1104
2021-03-04,4201358,124025,0,6573,242,0,4077333,6331,0.1105
2021-03-05,4207304,124261,0,5946,236,0,4083043,5710,0.11040000000000001
2021-03-06,4213343,124419,0,6039,158,0,4088924,5881,0.1105
2021-03-07,4218520,124501,0,5177,82,0,4094019,5095,0.1105
2021-03-08,4223232,124566,0,4712,65,0,4098666,4647,0.1103
2021-03-09,4228998,124797,0,5766,231,0,4104201,5535,0.1102
2021-03-10,4234924,124987,0,5926,190,0,4109937,5736,0.1103
2021-03-11,4241677,125168,0,6753,181,0,4116509,6572,0.1104
2021-03-12,4248286,125343,0,6609,175,0,4122943,6434,0.1104
2021-03-13,4253820,125464,0,5534,121,0,4128356,5413,0.11030000000000001
2021-03-14,4258438,125516,0,4618,52,0,4132922,4566,0.1101
2021-03-15,4263527,125580,0,5089,64,0,4137947,5025,0.11
2021-03-16,4268821,125690,0,5294,110,0,4143131,5184,0.1099
2021-03-17,4274579,125831,0,5758,141,0,4148748,5617,0.10980000000000001
2021-03-18,4280882,125926,0,6303,95,0,4154956,6208,0.10980000000000001
2021-03-19,4285684,126026,0,4802,100,0,4159658,4702,0.10969999999999999
2021-03-20,4291271,126122,0,5587,96,0,4165149,5491,0.10969999999999999
2021-03-21,4296583,126155,0,5312,33,0,4170428,5279,0.1094
2021-03-22,4301925,126172,0,5342,17,0,4175753,5325,0.10930000000000001
2021-03-23,4307304,126284,0,5379,112,0,4181020,5267,0.10930000000000001
2021-03-24,4312908,126382,0,5604,98,0,4186526,5506,0.10919999999999999
2021-03-25,4319128,126445,0,6220,63,0,4192683,6157,0.109
2021-03-26,4325315,126515,0,6187,70,0,4198800,6117,0.1089
2021-03-27,4329180,126573,0,3865,58,0,4202607,3807,0.1089
2021-03-28,4333042,126592,0,3862,19,0,4206450,3843,0.1087
2021-03-29,4337696,126615,0,4654,23,0,4211081,4631,0.1086
2021-03-30,4341736,126670,0,4040,55,0,4215066,3985,0.1086
2021-03-31,4345788,126713,0,4052,43,0,4219075,4009,0.1084
2021-04-01,4350266,126764,0,4478,51,0,4223502,4427,0.1084
2021-04-02,4353668,126816,0,3402,52,0,4226852,3350,0.10830000000000001
2021-04-03,4357091,126826,0,3423,10,0,4230265,3413,0.10830000000000001
2021-04-04,4359388,126836,0,2297,10,0,4232552,2287,0.1082
2021-04-05,4362150,126862,0,2762,26,0,4235288,2736,0.1082
2021-04-06,4364529,126882,0,2379,20,0,4237647,2359,0.108
2021-04-07,4367291,126927,0,2762,45,0,4240364,2717,0.108
2021-04-08,4370321,126980,0,3030,53,0,4243341,2977,0.108
2021-04-10,4368045,127080,0,2584,40,0,4240965,2544,0.108
2021-04-11,4369775,127087,0,1730,7,0,4242688,1723,0.108
2021-04-12,4373343,127100,0,3568,13,0,4246243,3555,0.1079
2021-04-13,4375814,127123,0,2471,23,0,4248691,2448,0.10779999999999999
2021-04-14,4378305,127161,0,2491,38,0,4251144,2453,0.10779999999999999
2021-04-15,4380976,127191,0,2671,30,0,4253785,2641,0.10779999999999999
2021-04-16,4383732,127225,0,2756,34,0,4256507,2722,0.1076
2021-04-17,4385938,127260,0,2206,35,0,4258678,2171,0.1076
2021-04-18,4387820,127270,0,1882,10,0,4260550,1872,0.1076
2021-04-19,4390783,127274,0,2963,4,0,4263509,2959,0.1075
2021-04-20,4393307,127307,0,2524,33,0,4266000,2491,0.1075
2021-04-21,4395703,127327,0,2396,20,0,4268376,2376,0.1075
2021-04-22,4398431,127345,0,2728,18,0,4271086,2710,0.1073
2021-04-23,4401109,127385,0,2678,40,0,4273724,2638,0.1072
2021-04-24,4403170,127417,0,2061,32,0,4275753,2029,0.1072
2021-04-25,4404882,127428,0,1712,11,0,4277454,1701,0.1073
2021-04-26,4406946,127434,0,2064,6,0,4279512,2058,0.1073
2021-04-27,4409631,127451,0,2685,17,0,4282180,2668,0.1071
2021-04-28,4411797,127480,0,2166,29,0,4284317,2137,0.1071
2021-04-29,4414242,127502,0,2445,22,0,4286740,2423,0.1071
2021-04-30,4416623,127517,0,2381,15,0,4289106,2366,0.107
2021-05-01,4418530,127524,0,1907,7,0,4291006,1900,0.107
2021-05-02,4420201,127538,0,1671,14,0,4292663,1657,0.1068
2021-05-03,4421850,127539,0,1649,1,0,4294311,1648,0.1068
2021-05-04,4423796,127543,0,1946,4,0,4296253,1942,0.1068
2021-05-05,4425940,127570,0,2144,27,0,4298370,2117,0.1068
2021-05-06,4428553,127583,0,2613,13,0,4300970,2600,0.1067
2021-05-07,4431043,127598,0,2490,15,0,4303445,2475,0.1067
2021-05-08,4433090,127603,0,2047,5,0,4305487,2042,0.1067
2021-05-09,4434860,127605,0,1770,2,0,4307255,1768,0.1066
2021-05-10,4437217,127609,0,2357,4,0,4309608,2353,0.1065
2021-05-11,4439691,127629,0,2474,20,0,4312062,2454,0.1064
2021-05-12,4441975,127640,0,2284,11,0,4314335,2273,0.1063
2021-05-13,4444631,127651,0,2656,11,0,4316980,2645,0.1063
2021-05-14,4446824,127668,0,2193,17,0,4319156,2176,0.1063
2021-05-15,4448851,127675,0,2027,7,0,4321176,2020,0.1062
2021-05-16,4450777,127679,0,1926,4,0,4323098,1922,0.1062
2021-05-17,4452756,127684,0,1979,5,0,4325072,1974,0.1062
2021-05-19,4452527,127694,0,2135,3,0,4324833,2132,0.1061
2021-05-20,4455221,127701,0,2694,7,0,4327520,2687,0.106
2021-05-21,4457923,127710,0,2702,9,0,4330213,2693,0.1058
2021-05-22,4460446,127716,0,2523,6,0,4332730,2517,0.1057
2021-05-23,4462538,127721,0,2092,5,0,4334817,2087,0.1056
2021-05-24,4464900,127724,0,2362,3,0,4337176,2359,0.1056
2021-05-25,4467310,127739,0,2410,15,0,4339571,2395,0.1055
2021-05-26,4470297,127748,0,2987,9,0,4342549,2978,0.1055
2021-05-27,4473677,127758,0,3380,10,0,4345919,3370,0.10540000000000001
2021-05-28,4477705,127768,0,4028,10,0,4349937,4018,0.1053
2021-05-29,4480945,127775,0,3240,7,0,4353170,3233,0.1051
2021-05-30,4484056,127781,0,3111,6,0,4356275,3105,0.1051
2021-05-31,4487339,127782,0,3283,1,0,4359557,3282,0.10500000000000001
2021-06-01,4490438,127782,0,3099,0,0,4362656,3099,0.1048
2021-06-02,4494699,127794,0,4261,12,0,4366905,4249,0.1048
2021-06-03,4499878,127812,0,5179,18,0,4372066,5161,0.1046
2021-06-04,4506018,127823,0,6140,11,0,4378195,6129,0.1043
2021-06-05,4511669,127836,0,5651,13,0,4383833,5638,0.1042
2021-06-06,4516892,127840,0,5223,4,0,4389052,5219,0.104
2021-06-07,4522476,127841,0,5584,1,0,4394635,5583,0.1039
2021-06-08,4528442,127854,0,5966,13,0,4400588,5953,0.1038
2021-06-09,4535754,127860,0,7312,6,0,4407894,7306,0.10360000000000001
2021-06-10,4542986,127867,0,7232,7,0,4415119,7225,0.1034
2021-06-11,4550944,127884,0,7958,17,0,4423060,7941,0.1032
2021-06-12,4558494,127896,0,7550,12,0,4430598,7538,0.1031
2021-06-13,4565813,127904,0,7319,8,0,4437909,7311,0.10289999999999999
2021-06-14,4573419,127907,0,7606,3,0,4445512,7603,0.1026
2021-06-15,4581006,127917,0,7587,10,0,4453089,7577,0.1025
2021-06-16,4589814,127926,0,8808,9,0,4461888,8799,0.1023
2021-06-17,4600623,127945,0,10809,19,0,4472678,10790,0.102
2021-06-18,4610893,127956,0,10270,11,0,4482937,10259,0.1018
2021-06-19,4620968,127970,0,10075,14,0,4492998,10061,0.1016
2021-06-20,4630040,127976,0,9072,6,0,4502064,9066,0.1013
2021-06-21,4640507,127981,0,10467,5,0,4512526,10462,0.1011
2021-06-22,4651988,128008,0,11481,27,0,4523980,11454,0.1008
2021-06-23,4667870,128027,0,15882,19,0,4539843,15863,0.1002
2021-06-24,4684572,128048,0,16702,21,0,4556524,16681,0.0998
2021-06-25,4699868,128066,0,15296,18,0,4571802,15278,0.0994
2021-06-26,4717811,128089,0,17943,23,0,4589722,17920,0.099
2021-06-27,4732434,128100,0,14623,11,0,4604334,14612,0.09870000000000001
2021-06-28,4755078,128103,0,22644,3,0,4626975,22641,0.0979
2021-06-29,4775301,128126,0,20223,23,0,4647175,20200,0.0975
2021-06-30,4800907,128140,0,25606,14,0,4672767,25592,0.0969
2021-07-01,4828463,128162,0,27556,22,0,4700301,27534,0.0964
2021-07-02,4855169,128189,0,26706,27,0,4726980,26679,0.09570000000000001
2021-07-03,4879616,128207,0,24447,18,0,4751409,24429,0.09519999999999999
2021-07-04,4903434,128222,0,23818,15,0,4775212,23803,0.0948
2021-07-05,4930534,128231,0,27100,9,0,4802303,27091,0.0942
2021-07-06,4958868,128268,0,28334,37,0,4830600,28297,0.0938
2021-07-07,4990916,128301,0,32048,33,0,4862615,32015,0.0932
2021-07-08,5022893,128336,0,31977,35,0,4894557,31942,0.0927
2021-07-09,5058093,128365,0,35200,29,0,4929728,35171,0.092
2021-07-10,5089893,128399,0,31800,34,0,4961494,31766,0.0917
2021-07-11,5121245,128425,0,31352,26,0,4992820,31326,0.09129999999999999
2021-07-12,5155243,128431,0,33998,6,0,5026812,33992,0.0906
2021-07-13,5191459,128481,0,36216,50,0,5062978,36166,0.0902
2021-07-14,5233207,128530,0,41748,49,0,5104677,41699,0.0896
2021-07-15,5281098,128593,0,47891,63,0,5152505,47828,0.0891
2021-07-16,5332371,128642,0,51273,49,0,5203729,51224,0.0885
2021-07-17,5386340,128683,0,53969,41,0,5257657,53928,0.0879
2021-07-18,5433939,128708,0,47599,25,0,5305231,47574,0.0874
2021-07-19,5473477,128727,0,39538,19,0,5344750,39519,0.0867
2021-07-20,5519602,128823,0,46125,96,0,5390779,46029,0.0863
2021-07-21,5563006,128896,0,43404,73,0,5434110,43331,0.0858
2021-07-22,5602321,128980,0,39315,84,0,5473341,39231,0.0853
2021-07-23,5637975,129044,0,35654,64,0,5508931,35590,0.0849
2021-07-24,5669260,129130,0,31285,86,0,5540130,31199,0.08449999999999999
2021-07-25,5697912,129158,0,28652,28,0,5568754,28624,0.0841
2021-07-26,5722298,129172,0,24386,14,0,5593126,24372,0.0837
2021-07-27,5745526,129303,0,23228,131,0,5616223,23097,0.0835
2021-07-28,5770928,129430,0,25402,127,0,5641498,25275,0.08349999999999999
2021-07-29,5801561,129515,0,30633,85,0,5672046,30548,0.0831
2021-07-30,5830774,129583,0,29213,68,0,5701191,29145,0.0827
2021-07-31,5856528,129654,0,25754,71,0,5726874,25683,0.0826
2021-08-01,5880667,129719,0,24139,65,0,5750948,24074,0.0822
2021-08-02,5902354,129743,0,21687,24,0,5772611,21663,0.082
2021-08-03,5923820,129881,0,21466,138,0,5793939,21328,0.0818
2021-08-04,5952756,130000,0,28936,119,0,5822756,28817,0.0815
2021-08-05,5982581,130086,0,29825,86,0,5852495,29739,0.0812
2021-08-06,6014023,130178,0,31442,92,0,5883845,31350,0.0809
2021-08-07,6042252,130281,0,28229,103,0,5911971,28126,0.0807
2021-08-08,6069362,130320,0,27110,39,0,5939042,27071,0.0804
2021-08-09,6094243,130357,0,24881,37,0,5963886,24844,0.08
2021-08-10,6117540,130503,0,23297,146,0,5987037,23151,0.0798
2021-08-11,6146800,130607,0,29260,104,0,6016193,29156,0.0796
2021-08-12,6179506,130701,0,32706,94,0,6048805,32612,0.0791
2021-08-13,6211868,130801,0,32362,100,0,6081067,32262,0.0788
2021-08-14,6241011,130894,0,29143,93,0,6110117,29050,0.0786
2021-08-15,6267437,130953,0,26426,59,0,6136484,26367,0.07830000000000001
2021-08-16,6295613,130979,0,28176,26,0,6164634,28150,0.0778
2021-08-17,6322241,131149,0,26628,170,0,6191092,26458,0.0776
2021-08-18,6355887,131260,0,33646,111,0,6224627,33535,0.07719999999999999
2021-08-19,6392160,131373,0,36273,113,0,6260787,36160,0.0767
2021-08-20,6429147,131487,0,36987,114,0,6297660,36873,0.0761
2021-08-21,6460930,131591,0,31783,104,0,6329339,31679,0.0757
2021-08-22,6492906,131640,0,31976,49,0,6361266,31927,0.0753
2021-08-23,6524581,131680,0,31675,40,0,6392901,31635,0.0749
2021-08-24,6555200,131854,0,30619,174,0,6423346,30445,0.0745
2021-08-25,6590747,132003,0,35547,149,0,6458744,35398,0.0738
2021-08-26,6628709,132143,0,37962,140,0,6496566,37822,0.0733
2021-08-27,6666399,132243,0,37690,100,0,6534156,37590,0.0728
2021-08-28,6698486,132376,0,32087,133,0,6566110,31954,0.0723
2021-08-29,6731423,132437,0,32937,61,0,6598986,32876,0.0718
2021-08-30,6757650,132485,0,26227,48,0,6625165,26179,0.0715
2021-08-31,6789581,132535,0,31931,50,0,6657046,31881,0.0709
2021-09-01,6825074,132742,0,35493,207,0,6692332,35286,0.0702
2021-09-02,6862904,132920,0,37830,178,0,6729984,37652,0.0699
2021-09-03,6904969,133041,0,42065,121,0,6771928,41944,0.0693
2021-09-04,6941611,133161,0,36642,120,0,6808450,36522,0.069
2021-09-05,6978126,133229,0,36515,68,0,6844897,36447,0.0684
2021-09-06,7018927,133274,0,40801,45,0,6885653,40756,0.0677
2021-09-07,7056106,133483,0,37179,209,0,6922623,36970,0.0672
2021-09-08,7094592,133674,0,38486,191,0,6960918,38295,0.0668
2021-09-09,7132072,133841,0,37480,167,0,6998231,37313,0.0664
2021-09-10,7168806,133988,0,36734,147,0,7034818,36587,0.0659
2021-09-11,7197662,134144,0,28856,156,0,7063518,28700,0.0658
2021-09-12,7226276,134200,0,28614,56,0,7092076,28558,0.0653
2021-09-13,7256559,134261,0,30283,61,0,7122298,30222,0.0648
2021-09-14,7282810,134446,0,26251,185,0,7148364,26066,0.06459999999999999
2021-09-15,7312683,134647,0,29873,201,0,7178036,29672,0.0644
2021-09-16,7339009,134805,0,26326,158,0,7204204,26168,0.06420000000000001
2021-09-17,7371301,134983,0,32292,178,0,7236318,32114,0.064
2021-09-18,7400739,135147,0,29438,164,0,7265592,29274,0.0637
2021-09-19,7429746,135203,0,29007,56,0,7294543,28951,0.0635
2021-09-20,7465448,135252,0,35702,49,0,7330196,35653,0.0629
2021-09-21,7496543,135455,0,31095,203,0,7361088,30892,0.0628
2021-09-22,7530103,135621,0,33560,166,0,7394482,33394,0.0625
2021-09-23,7565867,135803,0,35764,182,0,7430064,35582,0.0622
2021-09-24,7601487,135983,0,35620,180,0,7465504,35440,0.0621
2021-09-25,7631233,136105,0,29746,122,0,7495128,29624,0.0619
2021-09-26,7664230,136168,0,32997,63,0,7528062,32934,0.061700000000000005
2021-09-27,7701715,136208,0,37485,40,0,7565507,37445,0.0613
2021-09-28,7736235,136375,0,34520,167,0,7599860,34353,0.061
2021-09-29,7771294,136525,0,35059,150,0,7634769,34909,0.0608
2021-09-30,7807036,136662,0,35742,137,0,7670374,35605,0.0605
2021-10-01,7841625,136789,0,34589,127,0,7704836,34462,0.060200000000000004
2021-10-02,7871014,136910,0,29389,121,0,7734104,29268,0.060200000000000004
2021-10-03,7900680,136953,0,29666,43,0,7763727,29623,0.0599
2021-10-04,7934936,136986,0,34256,33,0,7797950,34223,0.0596
2021-10-05,7967985,137152,0,33049,166,0,7830833,32883,0.0595
2021-10-06,8006660,137295,0,38675,143,0,7869365,38532,0.0592
2021-10-07,8046390,137417,0,39730,122,0,7908973,39608,0.0591
2021-10-08,8081300,137541,0,34910,124,0,7943759,34786,0.0589
2021-10-09,8120713,137697,0,39413,156,0,7983016,39257,0.058499999999999996
2021-10-10,8154306,137735,0,33593,38,0,8016571,33555,0.058499999999999996
2021-10-11,8193769,137763,0,39463,28,0,8056006,39435,0.057999999999999996
2021-10-12,8231437,137944,0,37668,181,0,8093493,37487,0.057800000000000004
2021-10-13,8272883,138080,0,41446,136,0,8134803,41310,0.0576
2021-10-14,8317439,138237,0,44556,157,0,8179202,44399,0.0575
2021-10-15,8361651,138379,0,44212,142,0,8223272,44070,0.057300000000000004
2021-10-16,8404469,138527,0,42818,148,0,8265942,42670,0.0571
2021-10-17,8449165,138584,0,44696,57,0,8310581,44639,0.056799999999999996
2021-10-18,8497868,138629,0,48703,45,0,8359239,48658,0.0564
2021-10-19,8541192,138852,0,43324,223,0,8402340,43101,0.0563
2021-10-20,8589737,139031,0,48545,179,0,8450706,48366,0.056
2021-10-21,8641221,139146,0,51484,115,0,8502075,51369,0.0558
2021-10-22,8689949,139326,0,48728,180,0,8550623,48548,0.0557
2021-10-23,8734934,139461,0,44985,135,0,8595473,44850,0.0555
2021-10-24,8773674,139533,0,38740,72,0,8634141,38668,0.0553
2021-10-25,8809774,139571,0,36100,38,0,8670203,36062,0.055
2021-10-26,8853227,139834,0,43453,263,0,8713393,43190,0.0548
2021-10-27,8897149,140041,0,43922,207,0,8757108,43715,0.0546
2021-10-28,8936155,140206,0,39006,165,0,8795949,38841,0.0546
2021-10-29,8979236,140392,0,43081,186,0,8838844,42895,0.0543
2021-10-30,9019962,140558,0,40726,166,0,8879404,40560,0.0542
2021-10-31,9057629,140632,0,37667,74,0,8916997,37593,0.0539
2021-11-01,9097311,140672,0,39682,40,0,8956639,39642,0.0538
